DTUSAT                  
1 27842U 03031C   12014.90140378  .00000194  00000-0  10911-3 0  3061
2 27842  98.6962  26.0818 0008624 288.2317  71.7923 14.21227506443090
CUTE-1 (CO-55)          
1 27844U 03031E   12014.08273125  .00000243  00000-0  13257-3 0  2878
2 27844  98.7041  24.7152 0009398 314.3221  45.7181 14.20945355442860
QUAKESAT                
1 27845U 03031F   12015.10344642  .00000307  00000-0  16288-3 0  3112
2 27845  98.7143  25.4626 0008876 332.6244  27.4462 14.20653882442888
AAU CUBESAT             
1 27846U 03031G   12014.54984236  .00000208  00000-0  11584-3 0  1852
2 27846  98.6962  25.7253 0008629 290.5048  69.5201 14.21226311443047
CANX-1                  
1 27847U 03031H   12014.57336868  .00000168  00000-0  97365-4 0  2014
2 27847  98.6934  25.7226 0008450 289.0901  70.9369 14.21197904442999
CUBESAT XI-IV (CO-57)   
1 27848U 03031J   12013.56684013  .00000190  00000-0  10827-3 0  2350
2 27848  98.7134  23.4748 0009237 321.4914  38.5604 14.20707063442732
UWE-1                   
1 28892U 05043C   12015.20026638  .00000600  00000-0  13298-3 0  1250
2 28892  97.9376 246.9557 0016359 276.5134  83.4198 14.60420949331292
CUBESAT XI-V (CO-58)    
1 28895U 05043F   12014.66453381  .00000559  00000-0  12447-3 0   731
2 28895  97.9371 247.5369 0016787 278.0739  81.8576 14.60442829331104
NCUBE-2                 
1 28897U 05043H   12014.59886703  .00000771  00000-0  16739-3 0  6463
2 28897  97.9370 247.3693 0015958 278.9860  80.9500 14.60666136323406
CSTB1                   
1 31122U 07012F   12014.06386877  .00000563  00000-0  13192-3 0  4170
2 31122  97.8805  39.5883 0083671 219.1425 140.3722 14.56086625252026
MAST                    
1 31126U 07012K   12014.53156130  .00000306  00000-0  78899-4 0  3588
2 31126  97.8805  34.6508 0093148 232.3505 126.9214 14.54005164251792
LIBERTAD-1              
1 31128U 07012M   12014.59811117 -.00000047  00000-0  00000+0 0  4251
2 31128  97.8877  31.1359 0100997 244.2884 114.7906 14.52678419251534
POLYSAT CP3             
1 31129U 07012N   12014.61638617  .00000383  00000-0  97913-4 0   686
2 31129  97.8856  31.4888 0100326 243.6979 115.3865 14.52848557251539
CAPE1                   
1 31130U 07012P   12014.02167404  .00000614  00000-0  15074-3 0  3692
2 31130  97.8861  30.6675 0100947 246.0770 112.9857 14.52731954251241
POLYSAT CP4             
1 31132U 07012Q   12014.06652210  .00000390  00000-0  94951-4 0  3785
2 31132  97.8752  39.0020 0084240 219.3410 140.1632 14.55815078251887
NTS (CANX-6)            
1 32784U 08021B   12014.12501579  .00000667  00000-0  90527-4 0  2048
2 32784  97.8220  77.9166 0015139 202.5105 157.5474 14.82015699200723
CUTE-1.7+APD II (CO-65) 
1 32785U 08021C   12015.18458124  .00000467  00000-0  64434-4 0  2038
2 32785  97.8217  79.7617 0014252 201.1150 158.9509 14.82609833200948
COMPASS-1               
1 32787U 08021E   12014.69771126  .00001534  00000-0  19307-3 0  1960
2 32787  97.8220  79.3646 0015049 202.3568 157.6948 14.83394507200902
AAUSAT-II               
1 32788U 08021F   12014.69814190  .00001778  00000-0  22142-3 0  1860
2 32788  97.8239  79.6688 0014639 202.0500 158.0034 14.83663847200928
DELFI-C3 (DO-64)        
1 32789U 08021G   12014.27190164  .00002882  00000-0  34580-3 0  2028
2 32789  97.8325  80.7461 0014732 201.9066 158.1520 14.84734782200880
CANX-2                  
1 32790U 08021H   12015.14343176  .00001166  00000-0  15140-3 0  1978
2 32790  97.8188  79.4695 0014810 202.0787 157.9809 14.82528692200912
SEEDS II (CO-66)        
1 32791U 08021J   12014.69979022  .00001345  00000-0  17205-3 0  1909
2 32791  97.8234  79.2172 0015344 202.0320 158.0195 14.82920109200840
SWISSCUBE               
1 35932U 09051B   12014.31815948  .00005296  00000-0  12986-2 0  3617
2 35932  98.3352 118.0750 0006992 213.6065 146.4044 14.52810944122371
BEESAT                  
1 35933U 09051C   12015.17430011  .00007902  00000-0  19109-2 0  5192
2 35933  98.3321 119.2854 0004252 223.6815 136.3427 14.53321527122544
UWE-2                   
1 35934U 09051D   12014.33839075  .00003341  00000-0  81574-3 0  1266
2 35934  98.3280 118.1587 0006160 231.4282 128.6081 14.53253692122429
ITUPSAT 1               
1 35935U 09051E   12014.19418800  .00001954  00000-0  48744-3 0  7930
2 35935  98.3396 118.4457 0008109 213.1726 146.7721 14.52692525122346
TISAT 1                 
1 36799U 10035E   12015.09807810  .00001558  00000-0  20580-3 0  6045
2 36799  98.0789  90.2715 0014231 315.3798  44.6252 14.81414734 81670
DICE-F                  
1 37851U 11061B   12014.50641630  .00003538  00000-0  29390-3 0   712
2 37851 101.7148 344.5214 0253025  71.1575 291.6878 14.78303471 11522
DICE-Y                  
1 37852U 11061C   12014.90979318  .00003791  00000-0  31372-3 0   718
2 37852 101.7151 345.1135 0252711  69.9116 292.9085 14.78394541 11581
RAX-2                   
1 37853U 11061D   12014.50145178  .00003915  00000-0  32419-3 0   692
2 37853 101.7093 344.4772 0252000  71.3415 291.4961 14.78434614 11523
AUBIESAT-1              
1 37854U 11061E   12014.89629994  .00004180  00000-0  34041-3 0   720
2 37854 101.7121 345.1173 0253724  69.9055 292.9247 14.78678527 11577
M-CUBED & EXP-1 PRIME   
1 37855U 11061F   12014.89844342  .00003935  00000-0  32139-3 0   719
2 37855 101.7121 345.1149 0253973  69.7807 293.0504 14.78617945 11575
