SAUDISAT 1A             
1 26545U 00057A   12014.79211848  .00000512  00000-0  83484-4 0   464
2 26545  64.5567  95.3020 0031528 333.2750  26.6729 14.81318686610621
UNISAT                  
1 26547U 00057C   12014.21435524  .00000871  00000-0  12238-3 0   750
2 26547  64.5548  73.2270 0032043 343.7027  16.3025 14.83581641611036
SAUDISAT 1B             
1 26549U 00057E   12014.54204166  .00000433  00000-0  75370-4 0  1363
2 26549  64.5531 117.9710 0031812 342.4201  17.5793 14.80135759610146
MOZHAYETS               
1 27560U 02054B   12015.10079507  .00000383  00000-0  96803-4 0  1254
2 27560  97.9403 184.8887 0043192 154.1468 206.1889 14.55484145483736
SAUDISAT 1C             
1 27607U 02058C   12015.11544503  .00000554  00000-0  10467-3 0  6632
2 27607  64.5584  43.5094 0084793 278.3151  80.8324 14.72160441487283
UNISAT 2                
1 27608U 02058D   12014.10148833  .00000552  00000-0  99487-4 0  6714
2 27608  64.5592 358.7099 0069181 270.1107  89.2051 14.75039819488136
SAUDISAT 2              
1 28371U 04025F   12015.19812885  .00000160  00000-0  48790-4 0  4694
2 28371  97.9304  28.9416 0026301   7.1321 353.0242 14.53157816400162
UNISAT 3                
1 28373U 04025H   12014.49660112  .00000130  00000-0  49107-4 0  1374
2 28373  98.0821 355.2463 0071686 113.7908 247.0806 14.43714599397933
SSETI EXPRESS (XO-53)   
1 28894U 05043E   12014.25304417  .00000309  00000-0  73562-4 0  2775
2 28894  97.9330 245.8746 0016633 282.3845  77.5494 14.60001194331145
SAUDISAT 3              
1 31118U 07012B   12015.09414850  .00000175  00000-0  38572-4 0   706
2 31118  97.8957  77.5905 0016431 117.2300 243.0584 14.68207126254377
