LES 9                   
1 08747U 76023B   12014.32270208 -.00000060  00000-0  10000-3 0  7502
2 08747  12.0925 123.3504 0022038   0.4266 359.4690  1.00267334 76867
MARISAT 2               
1 09478U 76101A   12014.14699654 -.00000162  00000-0  10000-3 0  4848
2 09478  13.2916 349.4171 0097233 222.5323 136.7482  0.97592088 72079
GOES 3                  
1 10953U 78062A   12013.95355457 -.00000115  00000-0  10000-3 0  6923
2 10953  14.5621 351.8942 0004999  40.4238 319.6396  1.00265783 76106
ESIAFI 1 (COMSTAR 4)    
1 12309U 81018A   12012.50267841 -.00000052  00000-0  10000-3 0  5215
2 12309  14.5467   1.8745 0002689 321.0950  38.9160  1.00271314114613
SATCOM C5               
1 13631U 82105A   12013.04231959 -.00000105  00000-0  10000-3 0  9654
2 13631  13.9179  22.2394 0005982 298.4668  61.5150  1.00272800 73542
TDRS 1                  
1 13969U 83026B   12008.65483348 -.00000101  00000-0  10000-3 0  3596
2 13969  13.7175   3.7277 0019236 121.5356 238.6990  0.98745332 78298
GSTAR 1                 
1 15677U 85035A   12013.09198495 -.00000098  00000-0  10000-3 0  4772
2 15677  12.5685  39.9480 0010097 310.9743  48.9849  1.00272805 72402
INTELSAT 511            
1 15873U 85055A   12013.15567223  .00000096  00000-0  10000-3 0  7015
2 15873  13.6230  29.2470 0015042 311.6508  48.2648  1.00089727 71791
GOES 7                  
1 17561U 87022A   12013.66553532  .00000087  00000-0  10000-3 0  3118
2 17561  13.6609  27.4797 0004936  60.6971  93.6800  1.00299238 74342
GSTAR 3                 
1 19483U 88081A   12013.15643176 -.00000106  00000-0  10000-3 0  7394
2 19483  15.3379  11.7150 0008262  19.6169  31.6601  1.00273572 81788
TDRS 3                  
1 19548U 88091B   12015.13657476 -.00000295  00000-0  10000-3 0  7899
2 19548  13.4632  29.9287 0013722 341.3985 102.6260  1.00260825 72597
ASTRA 1A                
1 19688U 88109B   12013.04247080 -.00000060  00000-0  10000-3 0  9508
2 19688   9.7679  53.1126 0017091 333.5804  26.3715  0.98336349 64294
TDRS 4                  
1 19883U 89021B   12013.70597437 -.00000077  00000-0  00000-0 0  1872
2 19883  10.6801  35.8149 0012589 201.3412 158.6556  0.98483751256144
INTELSAT 602 (IS-602)   
1 20315U 89087A   12014.46319587  .00000032  00000-0  10000-3 0  4044
2 20315   9.0466  54.3851 0001014 233.6415 169.9135  1.00274264 79167
LEASAT 5                
1 20410U 90002B   12012.81807138 -.00000067  00000-0  10000-3 0  6221
2 20410   9.8503  28.8818 0000685 284.7229 164.6284  1.00272910 65860
INTELSAT 603 (IS-603)   
1 20523U 90021A   12011.92211931  .00000075  00000-0  10000-3 0  9757
2 20523   8.5424  55.9712 0001384 241.1422 157.1809  1.00272089 72894
ASIASAT 1               
1 20558U 90030A   12012.95639346 -.00000238  00000-0  10000-3 0   475
2 20558  11.1245  48.8858 0001372 206.1508 153.8846  0.99244609 79400
INSAT-1D                
1 20643U 90051A   12012.58985935 -.00000153  00000-0  10000-3 0  3930
2 20643  11.7816  45.0085 0015200  46.6994 313.4747  1.00269958 65919
COSMOS 2085             
1 20693U 90061A   12013.56440598 -.00000059  00000-0  10000-3 0  2514
2 20693  13.6540  26.2043 0002721   4.1106 355.9362  1.00267659 78679
SKYNET 4C               
1 20776U 90079A   12013.82559394 -.00000025  00000-0  10000-3 0  3917
2 20776  11.6640  37.4548 0003386 261.9785 109.2103  1.00271742 78129
EUTELSAT 2-F1           
1 20777U 90079B   12013.18689168  .00000088  00000-0  10000-3 0  2580
2 20777  11.3031  48.0057 0002021 244.0742 115.9501  0.99345291 58429
GALAXY 6                
1 20873U 90091B   12011.81951268 -.00000012  00000-0  10000-3 0  6292
2 20873   8.3388  56.9020 0003104  58.1587 301.8969  0.99766510 72217
GSTAR 4                 
1 20946U 90100B   12013.02846972 -.00000158  00000-0  10000-3 0  6408
2 20946   8.5474  56.8047 0003348 219.6626 140.3442  0.99142285 72053
COSMOS 2133             
1 21111U 91010A   12012.55807120 -.00000141  00000-0  10000-3 0  4526
2 21111  12.9435  32.0457 0006082  21.3433 338.7312  1.00266034 76603
INMARSAT 2-F2           
1 21149U 91018A   12014.41700869  .00000107  00000-0  10000-3 0  8710
2 21149   7.9205  47.4194 0003118 256.0507 177.8884  1.00274772 76409
TDRS 5                  
1 21639U 91054B   12014.59523557  .00000101  00000-0  10000-3 0  9894
2 21639  11.8432  44.2997 0013492 321.7987 154.0764  1.00278390 74900
ANIK E1                 
1 21726U 91067A   12014.27506831  .00000019  00000-0  10000-3 0  5261
2 21726   7.9669  58.7426 0006012 209.2532 150.7345  0.99170390 65038
EUTELSAT 2-F3           
1 21803U 91083A   12012.86887123 -.00000218  00000-0  10000-3 0   845
2 21803  10.5201  50.9272 0001773 306.7454  53.2828  0.99299975 69346
GALAXY 5                
1 21906U 92013A   12014.26783749  .00000063  00000-0  10000-3 0  2498
2 21906   6.4608  61.9291 0016271 313.4176  46.4519  0.99288638 64107
INMARSAT 2-F4           
1 21940U 92021B   12012.86382815 -.00000331  00000-0  00000+0 0  6070
2 21940   6.4690  45.6838 0003213 282.3640 201.5791  1.00191869 72279
EUTELSAT 2-F4           
1 22028U 92041B   12012.62071882  .00000039  00000-0  10000-3 0  5060
2 22028   9.7653  53.9396 0003155 129.4520 230.6150  0.99075153 64026
HELLAS SAT 1 (DFS 3)    
1 22175U 92066A   12014.33966227 -.00000058  00000-0  10000-3 0  7464
2 22175   9.0554  54.8091 0003397 329.7064  30.3034  0.99737593 68067
GORIZONT 27             
1 22245U 92082A   12013.25688128  .00000081  00000-0  10000-3 0  7354
2 22245  13.0229  34.5881 0012563 259.6670 100.2373  1.00199663 74366
COSMOS 2224             
1 22269U 92088A   12013.40159876 -.00000278  00000-0  10000-3 0  8356
2 22269  12.2292  37.3558 0000658 355.2960   4.7465  1.00297384 69343
TDRS 6                  
1 22314U 93003B   12014.42458869  .00000088  00000-0  10000-3 0   116
2 22314  11.2412  47.1616 0007748 348.0465  59.5853  1.00268357 69626
ASTRA 1C                
1 22653U 93031A   12013.04907747  .00000013  00000-0  10000-3 0  8244
2 22653   4.8139  65.9320 0004422 217.1656 208.4717  1.00272615 63484
INSAT-2B                
1 22724U 93048B   12014.33155781 -.00000010  00000-0  10000-3 0  3419
2 22724  10.0268  51.8726 0013462  68.0213 292.1579  0.99983047 67929
ACTS                    
1 22796U 93058B   12015.10499170 -.00000097  00000-0  10000-3 0  9914
2 22796  11.4425  46.3955 0012494 349.8319  10.1785  1.00273777 74090
INTELSAT 701 (IS-701)   
1 22871U 93066A   12014.53403005 -.00000134  00000-0  10000-3 0  8309
2 22871   0.1366  79.0691 0003391 215.3728 168.2061  1.00271598 66643
GORIZONT 29             
1 22907U 93072A   12012.66652080  .00000127  00000-0  10000-3 0  9488
2 22907  12.5996  37.7897 0010583 236.2817 123.6659  1.00121411 66433
SOLIDARIDAD 1           
1 22911U 93073A   12013.11569347 -.00000114  00000-0  10000-3 0  5166
2 22911   9.9980  51.8348 0002769 113.6993 246.3713  1.00269234 65089
NATO 4B                 
1 22921U 93076A   12012.70245709  .00000147  00000-0  10000-3 0  6332
2 22921   9.7128  43.3516 0002354 218.1704 137.5377  1.00274878 66309
GOES 8                  
1 23051U 94022A   12013.79074407 -.00000058  00000-0  10000-3 0  9856
2 23051   7.9791  61.0278 0006235 202.8687 157.1228  0.98906079 72024
INTELSAT 702 (IS-702)   
1 23124U 94034A   12013.05016755  .00000132  00000-0  00000-0 0  6597
2 23124   0.4847  80.2809 0003314 207.5584 249.6576  1.00273607 78545
APSTAR 1                
1 23185U 94043A   12013.14492880 -.00000265  00000-0  10000-3 0  9372
2 23185   6.5568  60.7600 0001408 230.7411  14.6336  1.00270501 64000
DIRECTV 2 (DBS 2)       
1 23192U 94047A   12014.12984805  .00000003  00000-0  10000-3 0  8789
2 23192   4.6596  66.4778 0011529 220.2692 139.6143  0.98633574 73718
OPTUS B3                
1 23227U 94055A   12014.48541392 -.00000073  00000-0  10000-3 0  9022
2 23227   3.6892  68.4279 0001797 247.3294 136.3445  1.00272758 63644
NSS-703                 
1 23305U 94064A   12013.04781206 -.00000273  00000-0  00000+0 0  5629
2 23305   2.1432  73.0136 0003702 215.5252 153.5421  1.00270482 63353
SOLIDARIDAD 2           
1 23313U 94065A   12014.27090109 -.00000024  00000-0  10000-3 0  9601
2 23313   3.4769  69.0542 0004049 221.0360 165.6788  1.00273244 63238
EXPRESS 1               
1 23319U 94067A   12014.45966058 -.00000347  00000-0  10000-3 0   782
2 23319  10.2029  51.2774 0001810  87.8006 272.2543  0.99830653 63017
ASTRA 1D                
1 23331U 94070A   12012.89728069 -.00000098  00000-0  10000-3 0  2992
2 23331   3.8885  67.4776 0001735 205.0751 154.8617  1.00046930 63463
RADUGA 32               
1 23448U 94087A   12013.58152197 -.00000141  00000-0  10000-3 0  4631
2 23448  12.1460  41.5266 0003631 122.8197 237.2599  1.00268001 80119
BRASILSAT B2            
1 23536U 95016A   12014.25840359 -.00000268  00000-0  00000+0 0  5693
2 23536   3.5350  69.5018 0002448 227.8927 200.7563  1.00273340 61584
AMSC 1                  
1 23553U 95019A   12013.44591720 -.00000100  00000-0  10000-3 0  4712
2 23553   6.7030  60.7796 0003843 269.4418 199.3330  1.00272297 61389
INTELSAT 706 (IS-706)   
1 23571U 95023A   12012.83230821 -.00000052  00000-0  10000-3 0  4379
2 23571   0.4185  78.8471 0003122 221.4657 183.0361  1.00272483 60991
TDRS 7                  
1 23613U 95035B   12013.53604147 -.00000186  00000-0  10000-3 0  1390
2 23613  12.8624  37.5655 0030598 333.8182  18.5791  1.00267042 60418
COSMOS 2319             
1 23653U 95045A   12010.85334630 -.00000112  00000-0  10000-3 0  2888
2 23653  11.8032  43.5265 0006068  19.8085 340.3081  1.00272860 59933
TELSTAR 4 (TELSTAR 402R)
1 23670U 95049A   12015.14872173 -.00000062  00000-0  10000-3 0  2690
2 23670   7.5209  58.3883 0003378 254.2646 105.7105  1.00242839 59730
LUCH 1                  
1 23680U 95054A   12012.62688872 -.00000080  00000-0  10000-3 0   955
2 23680  11.0615  51.2132 0008296 348.4853  11.5410  1.00267076 59565
ASTRA 1E                
1 23686U 95055A   12013.94409686  .00000036  00000-0  00000-0 0  4389
2 23686   1.4662  77.0835 0004183 230.9579 149.2990  1.00273965 59547
AMOS 5I                 
1 23723U 95064A   12014.97289068 -.00000359  00000-0  10000-3 0  6920
2 23723   1.0844  75.8647 0003545 223.5703 284.7091  1.00273186 59083
ECHOSTAR 1              
1 23754U 95073A   12015.06117542 -.00000237  00000-0  10000-3 0  6107
2 23754   0.0068  34.2827 0002544 245.8122 138.7004  1.00270852 58632
AFRICASAT-1 (MEASAT-1)  
1 23765U 96002B   12012.91588272  .00000136  00000-0  10000-3 0  3301
2 23765   3.8391  68.0312 0001964 121.9395 297.5654  1.00271425 58596
ABS-1A                  
1 23768U 96003A   12014.01650095 -.00000082  00000-0  10000-3 0  4943
2 23768   4.5878  66.1208 0000708  64.4727  62.9855  1.00267766 58584
PAKSAT 1 (ANATOLIA 1)   
1 23779U 96006A   12012.78918355  .00000113  00000-0  10000-3 0  7044
2 23779   0.1682  91.8765 0000460 334.8045 357.8648  0.99829447 58354
INTELSAT 707 (IS-707)   
1 23816U 96015A   12013.39090079 -.00000279  00000-0  10000-3 0  3307
2 23816   0.0159   0.4403 0003331 294.5677 264.9731  1.00269227 58002
INMARSAT 3-F1           
1 23839U 96020A   12014.61720558  .00000016  00000-0  10000-3 0  1379
2 23839   0.0734 311.7291 0005802 346.1778 102.2533  1.00273140 57811
ASTRA 1F                
1 23842U 96021A   12013.00000000  .00000092  00000-0  00000+0 0  4652
2 23842   0.0420 358.9220 0002405 286.2850 241.5810  1.00267417 57706
MSAT M1                 
1 23846U 96022A   12014.53057365 -.00000079  00000-0  10000-3 0  1403
2 23846   4.0944  67.2680 0006141 215.9425 274.6774  1.00272731 57636
PALAPA C2               
1 23864U 96030A   12014.45845559 -.00000193  00000-0  10000-3 0  4054
2 23864   1.6283  74.5874 0002209 211.6464 142.6242  1.00270424 57358
INTELSAT 24 (IS-24)     
1 23865U 96030B   12013.96870079  .00000156  00000-0  10000-3 0  6156
2 23865   3.1473  70.8818 0003709 213.0685 208.5436  1.00272523 57350
GORIZONT 32             
1 23880U 96034A   12012.83390241  .00000117  00000-0  10000-3 0  9251
2 23880  11.4132  45.3087 0008682 246.5392 170.2488  1.00147314 57268
INTELSAT 709 (IS-709)   
1 23915U 96035A   12012.83230836 -.00000053  00000-0  10000-3 0  4697
2 23915   0.0131 267.5149 0001802  41.1104 174.8304  1.00272714 57084
APSTAR 1A               
1 23943U 96039A   12013.95621084  .00000105  00000-0  10000-3 0  7785
2 23943   5.9056  62.4228 0001152 223.7812 222.3562  1.00272034 56907
TELECOM 2D              
1 24209U 96044B   12014.16786933 -.00000064  00000-0  10000-3 0  3428
2 24209   5.1228  64.5165 0003621 255.4498 205.7405  1.00270546 56653
INMARSAT 3-F2           
1 24307U 96053A   12013.04863534 -.00000117  00000-0  10000-3 0   556
2 24307   0.0787   1.5329 0006233 281.1650 191.2636  1.00271923 56214
ECHOSTAR 2              
1 24313U 96055A   12013.16667751 -.00000114  00000-0  10000-3 0  4068
2 24313   3.1214  69.8909 0003870 299.7020  60.1663  1.00350371 56243
AMC-1 (GE-1)            
1 24315U 96054A   12014.19413708 -.00000097  00000-0  10000-3 0  7326
2 24315   0.0130 295.1145 0003150 342.3420 162.5005  1.00272038 56211
ARABSAT-2B              
1 24652U 96063A   12007.66409021  .00000161  00000-0  10000-3 0  5090
2 24652   0.3121  80.0757 0003545 225.3314  74.5893  1.00512482 55988
AFRICASAT-2 (MEASAT-2)  
1 24653U 96063B   12014.48253747 -.00000217  00000-0  10000-3 0  5588
2 24653   3.8007  68.0250 0003156 221.5551 145.4760  1.00270138 55613
EUTELSAT W48            
1 24665U 96067A   12013.05018280  .00000128  00000-0  10000-3 0  4295
2 24665   2.5197  71.9045 0004852 214.5635 251.7494  1.00269547 55859
INMARSAT 3-F3           
1 24674U 96070A   12013.37488448  .00000046  00000-0  10000-3 0   847
2 24674   0.0910  22.3177 0005959 276.9667 126.0517  1.00274652 55175
AMC-2 (GE-2)            
1 24713U 97002A   12014.79432532 -.00000019  00000-0  10000-3 0  2761
2 24713   0.3011  76.7971 0005190 242.0678  72.6233  1.00509856  5603
INTELSAT 26 (IS-26)     
1 24732U 97007A   12014.04644448  .00000115  00000-0  10000-3 0  1143
2 24732   3.7561  68.1696 0003727 236.3651 235.3811  1.00273989 54509
INTELSAT 801 (IS-801)   
1 24742U 97009A   12013.32706730 -.00000210  00000-0  10000-3 0   538
2 24742   2.9786  70.7698 0002967 199.7888 289.8975  1.00271578 54507
DIRECTV 6 (TEMPO 2)     
1 24748U 97011A   12012.68449273  .00000081  00000-0  10000-3 0  4697
2 24748   5.4431  64.3095 0030143 184.2304 175.7299  0.99029177 54243
DFH 3-2                 
1 24798U 97021A   12012.57281006 -.00000323  00000-0  10000-3 0    88
2 24798   7.2497  59.2743 0009637 336.4191  23.5558  1.00357537 53752
THOR II                 
1 24808U 97025A   12012.67594057  .00000140  00000-0  10000-3 0   602
2 24808   3.3128  69.5373 0000732 202.8725 105.8132  1.00274573 53661
GALAXY 25 (G-25)        
1 24812U 97026A   12014.39352259 -.00000158  00000-0  10000-3 0  3855
2 24812   0.0115  80.3518 0003293 226.7695 214.6986  1.00271123 53646
INMARSAT 3-F4           
1 24819U 97027A   12015.12219550 -.00000283  00000-0  10000-3 0  9452
2 24819   1.8855  72.0089 0004690 221.0274 170.9365  1.00269733 53613
FENGYUN 2A              
1 24834U 97029A   12014.23597300 -.00000090  00000-0  10000-3 0  7098
2 24834  10.5800  51.8974 0094906  98.6586 262.4580  0.96051194 52808
SUPERBIRD-C             
1 24880U 97036A   12013.64871921 -.00000126  00000-0  10000-3 0  1684
2 24880   2.8640  70.7696 0004288 218.6810 214.5876  1.00271091 52918
ABS-5                   
1 24901U 97042A   12015.11605810 -.00000024  00000-0  10000-3 0  5200
2 24901   0.8879  79.8528 0004131 210.0237 222.8181  1.00272522 52757
INTELSAT 5 (IS-5)       
1 24916U 97046A   12013.53825975 -.00000026  00000-0  10000-3 0  2524
2 24916   0.0114  62.4584 0002435 187.4102 225.3225  1.00269386 52807
EUTELSAT W75            
1 24931U 97049A   12013.36571977  .00000003  00000-0  00000-0 0  4853
2 24931   2.5717  71.5122 0027174 264.3187  95.2362  1.02478664 52724
METEOSAT-7              
1 24932U 97049B   12013.97691933  .00000065  00000-0  00000+0 0  9274
2 24932   7.3693  58.2175 0000648 262.7509 200.9813  1.00274434 52620
AMC-3 (GE-3)            
1 24936U 97050A   12015.06968656 -.00000193  00000-0  10000-3 0  2148
2 24936   0.0240 319.1904 0003518 347.3124 105.5952  1.00271615 52636
NSS-5                   
1 24957U 97053A   12013.00000000 -.00000148  00000-0  00000+0 0  2635
2 24957   0.0380  44.8320 0002028 257.7250 149.3300  1.00274923 52400
ECHOSTAR 3              
1 25004U 97059A   12015.09996572 -.00000278  00000-0  10000-3 0  1597
2 25004   0.0224  32.5618 0001806 285.7449 130.1956  1.00270638 52335
APSTAR 2R (TELSTAR 10)  
1 25010U 97062A   12014.01725679 -.00000097  00000-0  10000-3 0  6333
2 25010   0.0246 112.1717 0004660 188.5072 254.9334  1.00272498 52177
INDOSTAR 1              
1 25050U 97071B   12014.53270366 -.00000342  00000-0  10000-3 0  6032
2 25050   5.7673  62.7889 0003287 239.0005 110.9793  1.00275963 51932
JCSAT-1B                
1 25067U 97075A   12014.45846007 -.00000197  00000-0  10000-3 0  4953
2 25067   1.6466  74.4169 0004497 216.9799 136.9876  1.00271628 51736
ASTRA 1G                
1 25071U 97076A   12013.00000000  .00000160  00000-0  00000+0 0   910
2 25071   0.0460  18.7130 0000374 337.5680 147.0830  1.00265139 51739
GALAXY 8                
1 25086U 97078A   12013.06493304 -.00000165  00000-0  10000-3 0  1717
2 25086   8.3850  56.7411 0008967 275.4055  84.5233  0.99696944 51477
HGS-1 (ASIASAT 3)       
1 25126U 97086A   12013.05302471 -.00000267  00000-0  10000-3 0  5856
2 25126   3.8245  86.1341 0046893 255.4849 103.8396  1.00318090 52313
BRASILSAT B3            
1 25152U 98006A   12015.06458766 -.00000245  00000-0  10000-3 0  5429
2 25152   0.0422 193.0679 0005470  69.9352 159.2008  1.00272396 51157
INMARSAT 3-F5           
1 25153U 98006B   12014.04584227  .00000145  00000-0  10000-3 0  9364
2 25153   0.4119 348.8621 0004668 293.3919 231.8669  1.00271441 51107
EUROBIRD 16             
1 25237U 98013A   12013.06764435  .00000109  00000-0  10000-3 0  3394
2 25237   0.2760  81.3545 0005649 209.6816 221.0799  1.00273734 51135
NSS-806                 
1 25239U 98014A   12013.32680813 -.00000256  00000-0  00000+0 0  8285
2 25239   0.0190  10.0517 0003622 285.5558 253.7439  1.00270234 50892
NILESAT 101             
1 25311U 98024A   12013.95871203 -.00000053  00000-0  10000-3 0   991
2 25311   0.0344  52.8721 0004932 258.2574 139.8328  1.00270676 50504
COSMOS 2350             
1 25315U 98025A   12012.62090993 -.00000105  00000-0  10000-3 0  6712
2 25315   9.4557  51.2370 0007178   7.4869 352.5661  1.00286149 50210
CHINASAT 5A (ZX 5A)     
1 25354U 98033A   12013.95243294 -.00000202  00000-0  10000-3 0  3451
2 25354   0.0628 245.6024 0002714  55.5089 242.1160  1.00272345 54465
THOR III                
1 25358U 98035A   12012.05268595 -.00000031  00000-0  00000+0 0  8672
2 25358   1.5742  74.6292 0002286 220.5494 190.4368  1.00271322 49875
INTELSAT 805 (IS-805)   
1 25371U 98037A   12013.15220023 -.00000280  00000-0  10000-3 0  8227
2 25371   0.0158  62.2864 0003150 227.9346 181.1159  1.00272103 49739
CHINASAT 5B (ZX 5B)     
1 25404U 98044A   12013.97545375 -.00000347  00000-0  10000-3 0  8350
2 25404   0.3433  76.6375 0004482 221.1869 276.5339  1.00268258 49595
ST-1                    
1 25460U 98049A   12013.95240295 -.00000208  00000-0  10000-3 0  1537
2 25460   0.4002  78.5158 0004118 209.2606 256.0667  1.00270960 49053
ASTRA 2A                
1 25462U 98050A   12013.00000000  .00000155  00000-0  00000+0 0  3587
2 25462   0.0350 106.2190 0001529  49.1890 344.6360  1.00266727 49039
INTELSAT 7 (IS-7)       
1 25473U 98052A   12012.79264498 -.00000019  00000-0  10000-3 0  3124
2 25473   0.0057  81.8401 0002377 216.1102 167.7133  1.00270893 48818
SIRIUS 3                
1 25492U 98056B   12013.98338662  .00000111  00000-0  10000-3 0  9966
2 25492   2.6857  71.4920 0001230 219.6205 226.9627  1.00273828 48711
EUROBIRD 2              
1 25495U 98057A   12014.04586514  .00000148  00000-0  10000-3 0  1837
2 25495   0.0630 346.2067 0004724 295.8620 232.8734  1.00272715 48627
AFRISTAR                
1 25515U 98063A   12012.80997329  .00000134  00000-0  10000-3 0  9742
2 25515   0.0272 331.7677 0004420 312.5087 140.0138  1.00271666 48391
AMC-5 (GE-5)            
1 25516U 98063B   12015.13219471 -.00000223  00000-0  10000-3 0  9310
2 25516   1.4177  75.7880 0005300 215.1941 149.6817  1.00271067 48458
INTELSAT 8 (IS-8)       
1 25522U 98065A   12013.66444877 -.00000051  00000-0  10000-3 0  1035
2 25522   0.0072 231.9421 0003206  32.3888 253.4126  1.00272484 48397
BONUM 1                 
1 25546U 98068A   12013.02683402  .00000085  00000-0  10000-3 0   511
2 25546   0.2881  83.8398 0002305 183.0201 270.6939  1.00268659 48215
SATMEX 5                
1 25558U 98070A   12014.45824248 -.00000008  00000-0  10000-3 0  9335
2 25558   0.0210  62.4030 0002627 223.9561 235.1209  1.00272348 48225
GALAXY 26 (G-26)        
1 25626U 99005A   12007.18247762  .00000127  00000-0  10000-3 0  9412
2 25626   0.0216  37.9324 0003905 260.6530 283.2712  1.00275295 47242
JCSAT-4A                
1 25630U 99006A   12013.53701721 -.00000351  00000-0  10000-3 0  9706
2 25630   0.0245 223.0571 0002236  69.5806 137.0906  1.00271147 47174
BADR-3 (ARABSAT-3A)     
1 25638U 99009A   12013.86733665  .00000023  00000-0  10000-3 0   587
2 25638   2.9441  70.8384 0006748 223.7960 136.0308  1.00165953 47237
SKYNET 4E               
1 25639U 99009B   12012.70245896  .00000151  00000-0  10000-3 0   957
2 25639   7.3582  45.5350 0003372 235.7025 118.6840  1.00276571 47191
ASIASAT 3S              
1 25657U 99013A   12014.53265030 -.00000329  00000-0  10000-3 0  1293
2 25657   0.0388 204.4801 0002128  95.9174 110.2626  1.00270898 47007
EUTELSAT W6             
1 25673U 99018A   12013.96579637  .00000135  00000-0  10000-3 0  3266
2 25673   0.0664   7.8901 0004796 279.6703 194.5544  1.00273898 46769
NIMIQ 1                 
1 25740U 99027A   12014.50507586 -.00000169  00000-0  10000-3 0  9967
2 25740   0.0179  38.9428 0005288 270.0069 255.1533  1.00271832 46387
ASTRA 1H                
1 25785U 99033A   12013.00000000  .00000126  00000-0  00000+0 0   289
2 25785   0.0670  76.8920 0001408  35.3870  18.8390  1.00270695 46091
TELKOM 1                
1 25880U 99042A   12011.62442307 -.00000337  00000-0  10000-3 0  2564
2 25880   0.0080  78.4700 0002395 237.5725 127.2952  1.00271714 45548
ABS-7                   
1 25894U 99046A   12013.23814019 -.00000356  00000-0  10000-3 0    58
2 25894   0.0438 236.7507 0000702  94.9787 342.0172  1.00270622 44320
GALAXY 27 (G-27)        
1 25922U 99052A   12013.96179023  .00000141  00000-0  10000-3 0  9685
2 25922   0.0193  60.1788 0002654 235.9474 208.0456  1.00273565 45065
ABS-1                   
1 25924U 99053A   12012.63149753 -.00000081  00000-0  10000-3 0   289
2 25924   0.0556 240.3448 0001673  34.8117 138.6831  1.00272367 45070
DIRECTV 1R              
1 25937U 99056A   12015.06458826 -.00000232  00000-0  10000-3 0  1526
2 25937   0.1213  82.5684 0002900 221.9335 117.8066  1.00130407 44951
TELSTAR 12 (ORION 2)    
1 25949U 99059A   12013.04864296 -.00000113  00000-0  10000-3 0  1045
2 25949   0.0288 266.3038 0003042  20.9549 187.1768  1.00271269 44807
AMC-4 (GE-4)            
1 25954U 99060A   12015.10755745 -.00000269  00000-0  10000-3 0  1547
2 25954   0.0416 266.5926 0002949  19.7665 159.3177  1.00270967 44678
GALAXY 11 (G-11)        
1 26038U 99071A   12011.37196203 -.00000278  00000-0  10000-3 0  2468
2 26038   0.0504 231.9303 0001014 101.5896 215.1251  1.00270122 44254
ZHONGXING-22            
1 26058U 00003A   12014.53245972 -.00000288  00000-0  10000-3 0  8890
2 26058   3.3355  68.9050 0002404 251.6855  82.3034  1.00272503 43896
HISPASAT 1C             
1 26071U 00007A   12014.04447014 -.00000211  00000-0  00000+0 0  6772
2 26071   0.0270 345.5986 0004493 328.8603 144.4673  1.00271385 43820
GARUDA 1                
1 26089U 00011A   12013.53699434 -.00000351  00000-0  10000-3 0  9036
2 26089   1.1285 235.4291 0009107 103.2456  90.0163  1.00266556 43690
SUPERBIRD-B2            
1 26095U 00012A   12013.53806917 -.00000087  00000-0  10000-3 0  2185
2 26095   0.0475 234.9970 0002170  35.1471 197.9779  1.00271270 43652
EXPRESS 2A              
1 26098U 00013A   12014.53258169 -.00000320  00000-0  10000-3 0  6128
2 26098   5.4562  63.7972 0008508  83.9389 260.1647  1.00273320 43364
ASIASTAR                
1 26107U 00016A   12013.98721240 -.00000326  00000-0  10000-3 0  1216
2 26107   0.0348 329.0456 0004269 324.0158 280.1462  1.00268337 43321
INSAT-3B                
1 26108U 00016B   12007.38585118  .00000019  00000-0  10000-3 0  5038
2 26108   1.3104  75.5292 0006607 137.6997 221.5112  0.99659992 43198
SESAT 1                 
1 26243U 00019A   12013.88497905  .00000109  00000-0  10000-3 0  9482
2 26243   0.0464 326.1345 0004417 313.6314 167.6054  1.00273232 43000
GOES 11                 
1 26352U 00022A   12009.37027461 -.00000189  00000-0  00000+0 0  6528
2 26352   0.9472 139.0134 0001774 342.3717 238.6260  0.99042832 42795
EUTELSAT W4             
1 26369U 00028A   12013.98235392  .00000160  00000-0  10000-3 0    20
2 26369   0.0678 357.7423 0004342 287.0926 217.7576  1.00274025 42650
TDRS 8                  
1 26388U 00034A   12013.53614057 -.00000214  00000-0  10000-3 0  5709
2 26388   3.5936  79.7714 0004091 176.0276 138.5753  1.00265325 42353
COSMOS 2371             
1 26394U 00036A   12011.65020873 -.00000043  00000-0  10000-3 0   655
2 26394   8.7681  54.9516 0003471  19.2543 340.7897  1.00269130 42191
ECHOSTAR 6              
1 26402U 00038A   12015.19041519 -.00000238  00000-0  10000-3 0  1837
2 26402   0.1260  80.2061 0002855 221.3177 164.1114  1.00271275 42149
INTELSAT 9 (IS-9)       
1 26451U 00043A   12014.28305237 -.00000280  00000-0  10000-3 0  6973
2 26451   0.0052 263.4421 0002328  19.4734 234.1119  1.00269093 42021
BRASILSAT B4            
1 26469U 00046A   12013.32573330 -.00000205  00000-0  00000+0 0  9997
2 26469   0.0596 144.8807 0002150 139.7247 220.8790  1.00271946 41803
NILESAT 102             
1 26470U 00046B   12014.04505711 -.00000053  00000-0  10000-3 0  6079
2 26470   0.0495 269.4233 0006144  20.9365 191.8041  1.00271683 41814
RADUGA-1 5              
1 26477U 00049A   12013.98552157 -.00000156  00000-0  10000-3 0  2864
2 26477   8.6456  55.4835 0002913 314.7000 177.7107  1.00340045 41661
EUROBIRD 4A             
1 26487U 00052A   12014.04533916  .00000031  00000-0  10000-3 0  7427
2 26487   0.3762  70.9627 0006619 225.0861 197.1767  1.00272454 41620
ASTRA 2B                
1 26494U 00054A   12014.04592612  .00000155  00000-0  00000+0 0    60
2 26494   0.0511 286.8552 0004509   3.5640 227.2546  1.00276103 41515
AMC-7 (GE-7)            
1 26495U 00054B   12013.41635640  .00000102  00000-0  10000-3 0  9022
2 26495   0.0375 287.2210 0003271 354.8007 203.1653  1.00273675 41528
NSS-11 (AAP-1)          
1 26554U 00059A   12013.96795647 -.00000340  00000-0  10000-3 0   764
2 26554   0.0410 261.0555 0001227  67.9738 240.4695  1.00271150 41377
N-SAT-110 (SUPERBIRD-D) 
1 26559U 00060A   12011.91441216 -.00000344  00000-0  10000-3 0   207
2 26559   0.0462 228.1836 0000280  95.2733 226.6292  1.00271145 41285
AMC-6 (GE-6)            
1 26580U 00067A   12015.06451691 -.00000255  00000-0  10000-3 0  9341
2 26580   0.0305 293.7104 0002910   1.7775 129.6467  1.00270171 41173
INTELSAT 12 (IS-12)     
1 26590U 00068A   12013.96178759  .00000142  00000-0  10000-3 0  7499
2 26590   0.0107 352.6691 0002644 311.6312 199.7737  1.00272748 41084
INTELSAT 1R (IS-1R)     
1 26608U 00072A   12014.04394416 -.00000277  00000-0  10000-3 0  4378
2 26608   0.0238 220.5267 0001273  25.8478 192.3629  1.00269855 40932
ANIK F1                 
1 26624U 00076A   12013.33020171 -.00000068  00000-0  10000-3 0  7433
2 26624   0.0163 113.6239 0002878 206.0698 164.0680  1.00271416 40903
ASTRA 2D                
1 26638U 00081A   12013.00000000  .00000156  00000-0  00000+0 0  9936
2 26638   0.0600 242.9150 0003538 332.4240 284.7470  1.00268675 40611
AMC-8 (GE-8)            
1 26639U 00081B   12014.43992035  .00000109  00000-0  10000-3 0  8968
2 26639   0.0219 313.9523 0002939 340.1151 198.5970  1.00272331 40590
TURKSAT 2A              
1 26666U 01002A   12012.88365854  .00000152  00000-0  10000-3 0  8915
2 26666   0.0480 245.5836 0005224  37.7111 188.5718  1.00271834 40329
SICRAL 1                
1 26694U 01005A   12013.04942813  .00000108  00000-0  00000+0 0  9540
2 26694   3.5954  68.3181 0003400 245.4552 192.2008  1.00274810 40083
SKYNET 4F               
1 26695U 01005B   12014.04435580 -.00000238  00000-0  10000-3 0  6064
2 26695   5.7608  52.6533 0003285 221.3958 180.7659  1.00269361 40062
EUROBIRD 1              
1 26719U 01011A   12013.96786789  .00000155  00000-0  10000-3 0   621
2 26719   0.0659   1.5346 0004119 286.2610 201.9555  1.00273822 39763
XM-2 (ROCK)             
1 26724U 01012A   12015.09873477 -.00000019  00000-0  10000-3 0  1367
2 26724   0.0648 277.6282 0003733  34.9888  81.6254  1.00271394 39747
XM-1 (ROLL)             
1 26761U 01018A   12014.24031259 -.00000018  00000-0  10000-3 0  9473
2 26761   0.0746 231.3092 0003858 356.1793 216.8782  1.00271972 39206
INTELSAT 10 (IS-10)     
1 26766U 01019A   12012.79264473 -.00000019  00000-0  10000-3 0  9261
2 26766   0.0260 102.8043 0001189 142.4957 220.2251  1.00272942 39098
INTELSAT 901 (IS-901)   
1 26824U 01024A   12014.15097662 -.00000136  00000-0  10000-3 0  8313
2 26824   0.0086 356.3706 0004979 273.7047 239.3064  1.00270880 38854
ASTRA 2C                
1 26853U 01025A   12013.00000000  .00000125  00000-0  00000+0 0  8928
2 26853   0.0580 348.2020 0003679 339.1500 163.7370  1.00265187 38787
ARTEMIS                 
1 26863U 01029A   12012.78355475  .00000124  00000-0  10000-3 0  2351
2 26863   9.5945  56.4653 0002980 266.1923  92.4888  1.00269786 39567
GOES 12                 
1 26871U 01031A   12014.28371712 -.00000280  00000-0  10000-3 0  4088
2 26871   1.9098  74.6667 0003214 258.4683 182.0082  1.00261100 38446
COSMOS 2379             
1 26892U 01037A   12012.67155743  .00000027  00000-0  10000-3 0  8006
2 26892   7.0104  58.3172 0002604  37.3672 322.6711  1.00162035 38031
INTELSAT 902 (IS-902)   
1 26900U 01039A   12012.81682686  .00000039  00000-0  00000+0 0  8430
2 26900   0.0045 349.6748 0003652 270.6413 207.4648  1.00272722 38014
ATLANTIC BIRD 2         
1 26927U 01042A   12013.04882591 -.00000060  00000-0  10000-3 0  6300
2 26927   0.0540 344.9222 0005151 299.7722 196.7414  1.00272798 37753
DIRECTV 4S              
1 26985U 01052A   12014.32932900 -.00000109  00000-0  10000-3 0  7739
2 26985   0.0020 320.3534 0002007 328.4810 201.7571  1.00271432 37170
INSAT-3C                
1 27298U 02002A   12014.01733411 -.00000073  00000-0  10000-3 0  3674
2 27298   0.0267  87.9739 0002698 283.4297 181.7563  1.00272662 36543
ECHOSTAR 7              
1 27378U 02006A   12014.39372940  .00000004  00000-0  10000-3 0  9303
2 27378   0.0406 278.7486 0002428  45.3562 172.0852  1.00271820 36243
INTELSAT 904 (IS-904)   
1 27380U 02007A   12013.88190093  .00000054  00000-0  00000+0 0  8902
2 27380   0.0146 346.7180 0003428 300.1747 203.3434  1.00273533 36272
TDRS 9                  
1 27389U 02011A   12015.31924807 -.00000257  00000-0  00000+0 0  8203
2 27389   1.4875 148.2729 0014941 223.3378 176.5442  1.00267581 37634
JCSAT-2A                
1 27399U 02015A   12013.64830197 -.00000160  00000-0  10000-3 0  7274
2 27399   0.0101  94.0379 0002120 177.8574 228.0278  1.00271576 35938
ASTRA 3A                
1 27400U 02015B   12014.02119663  .00000142  00000-0  00000+0 0  4516
2 27400   0.0406 279.8306 0005455 350.5009 233.6662  1.00270800 35948
INTELSAT 903 (IS-903)   
1 27403U 02016A   12014.04434817 -.00000233  00000-0  10000-3 0  6196
2 27403   0.0099  31.9689 0003317 259.3435 163.0666  1.00271650 35937
NSS-7                   
1 27414U 02019A   12013.00000000 -.00000162  00000-0  00000+0 0  8287
2 27414   0.0290  32.3030 0002762 263.3290 154.2720  1.00274199 35758
DIRECTV 5 (TEMPO 1)     
1 27426U 02023A   12011.08423769 -.00000048  00000-0  10000-3 0  8550
2 27426   0.0112  35.3443 0003004 247.2441 107.6259  1.00272697 35484
INTELSAT 905 (IS-905)   
1 27438U 02027A   12013.04839903 -.00000178  00000-0  10000-3 0  4466
2 27438   0.0220  63.2390 0002406 218.0836 183.5509  1.00271850 35242
EXPRESS 4A              
1 27441U 02029A   12014.04488177 -.00000108  00000-0  10000-3 0  9172
2 27441   2.2017  73.0381 0001794 258.0636 144.0400  1.00272039 35156
GALAXY 3C (G-3C)        
1 27445U 02030A   12014.39347686 -.00000146  00000-0  10000-3 0  5072
2 27445   0.0226 215.8583 0000375 347.4321 316.5719  1.00271110 35132
ATLANTIC BIRD 3         
1 27460U 02035A   12014.17652188 -.00000037  00000-0  10000-3 0  6290
2 27460   0.0452  18.0646 0005072 270.8897 242.6379  1.00271802 34924
N-STAR C                
1 27461U 02035B   12014.53344309 -.00000303  00000-0  10000-3 0  3691
2 27461   0.6055  81.8751 0002029 207.9948 151.5372  1.00268441 34939
HOT BIRD 6              
1 27499U 02038A   12013.97500455  .00000092  00000-0  10000-3 0  9889
2 27499   0.0964 266.4707 0006275  15.1179 195.2449  1.00271037 34437
ECHOSTAR 8              
1 27501U 02039A   12014.39391899 -.00000237  00000-0  10000-3 0  9401
2 27501   0.0214  65.2998 0003217 246.4295 226.2720  1.00270970 34451
ATLANTIC BIRD 1         
1 27508U 02040A   12014.02744421 -.00000095  00000-0  10000-3 0  7278
2 27508   0.0619 358.3596 0004531 330.9275 140.9875  1.00271485 34437
METEOSAT-8 (MSG-1)      
1 27509U 02040B   12011.11728462  .00000069  00000-0  00000+0 0  8392
2 27509   1.0301  55.2743 0003388 112.1488 354.0264  1.00271183 34401
INTELSAT 906 (IS-906)   
1 27513U 02041A   12014.04675703  .00000019  00000-0  00000+0 0  6373
2 27513   0.0218 306.9926 0003095 344.4645 262.4304  1.00272957 34307
KODAMA (DRTS)           
1 27516U 02042B   12013.28267115 -.00000230  00000-0  10000-3 0  7783
2 27516   1.0661  76.9809 0002630 232.7557 354.9124  1.00271382 34265
KALPANA-1 (METSAT 1)    
1 27525U 02043A   12014.02274419 -.00000074  00000-0  10000-3 0  3975
2 27525   2.5153  72.0098 0007106 205.8222 277.2083  1.00272038 34234
HISPASAT 1D             
1 27528U 02044A   12013.90115525 -.00000211  00000-0  00000+0 0  4729
2 27528   0.0169 325.1009 0005389 320.7643 121.3104  1.00269720 34165
EUTELSAT W5             
1 27554U 02051A   12014.71557676 -.00000039  00000-0  10000-3 0  5930
2 27554   0.0321 350.2963 0003891 302.2826 149.0784  1.00272231 33561
TDRS 10                 
1 27566U 02055A   12013.59412315  .00000090  00000-0  00000+0 0  5742
2 27566   1.1955  62.5181 0014775 196.0109 253.6186  1.00266694 33430
NSS-6                   
1 27603U 02057A   12013.97342961 -.00000264  00000-0  00000+0 0  4447
2 27603   0.0468 250.3943 0002924  36.5830 271.2927  1.00270255 33295
NIMIQ 2                 
1 27632U 02062A   12013.47729255 -.00000167  00000-0  10000-3 0  3508
2 27632   0.0364 180.2082 0004495 100.5029 272.3259  1.00271238 33140
INTELSAT 907 (IS-907)   
1 27683U 03007A   12014.04453112 -.00000197  00000-0  10000-3 0  1875
2 27683   0.0116  15.6566 0002981 279.5138 166.2680  1.00271072 32666
INSAT-3A                
1 27714U 03013A   12013.97051384 -.00000253  00000-0  10000-3 0  9289
2 27714   0.0674  82.8821 0006885 205.4627 267.3687  1.00272054 32131
GALAXY 12 (G-12)        
1 27715U 03013B   12013.42478752  .00000065  00000-0  10000-3 0  5121
2 27715   0.0529 206.8580 0001993  99.6823 189.6752  1.00271052 32177
ASIASAT 4               
1 27718U 03014A   12012.92723318 -.00000354  00000-0  10000-3 0  9542
2 27718   0.0017  11.0746 0000615 269.8739 286.7324  1.00268120 32108
COSMOS 2397             
1 27775U 03015A   12013.48684672 -.00000292  00000-0  10000-3 0  4082
2 27775   5.5853  61.5648 0042411 228.5339 131.1017  1.00461584 32008
HELLAS-SAT 2            
1 27811U 03020A   12013.96912144  .00000157  00000-0  00000+0 0  4017
2 27811   0.0364 252.9892 0004164  31.2662 216.4508  1.00271940 31662
BEIDOU 1C               
1 27813U 03021A   12013.28943517 -.00000347  00000-0  10000-3 0  4830
2 27813   1.1842  82.5348 0007541 354.1926 250.1798  1.00273966 31679
AMC-9 (GE-12)           
1 27820U 03024A   12013.32576378 -.00000210  00000-0  10000-3 0  4674
2 27820   0.0374 255.2212 0003437  37.1371 214.1191  1.00270888 31538
THURAYA-2               
1 27825U 03026A   12013.98126352  .00000138  00000-0  10000-3 0  1468
2 27825   3.0849  10.2676 0004993 281.3699 218.4948  1.00272534 31537
BSAT-2C                 
1 27830U 03028A   12012.58461288 -.00000344  00000-0  10000-3 0  4464
2 27830   0.0665 221.3971 0000824  57.0241 153.3652  1.00271602 31498
OPTUS C1                
1 27831U 03028B   12014.53483904 -.00000143  00000-0  10000-3 0  5380
2 27831   0.0443 232.8213 0003401  50.6012 178.5210  1.00271867 31502
ECHOSTAR 12 (RAINBOW 1) 
1 27852U 03033A   12012.36616168 -.00000276  00000-0  10000-3 0  4609
2 27852   0.0269 293.8375 0001726 288.0687 319.8032  1.00266631 31145
GALAXY 23 (G-23)        
1 27854U 03034A   12014.09550477  .00000018  00000-0  00000+0 0  4455
2 27854   0.0155  21.6762 0003108 261.9079 102.7691  1.00272724 30946
EUROBIRD 3              
1 27948U 03043A   12013.98378933  .00000161  00000-0  10000-3 0  5861
2 27948   0.0432 356.4436 0000652 166.0460 337.6069  1.00272262 30502
INSAT-3E                
1 27951U 03043E   12012.79132373  .00000091  00000-0  10000-3 0   125
2 27951   0.0638  68.2825 0006255 234.9499 148.3674  1.00272386 30399
GALAXY 13 (HORIZONS-1)  
1 27954U 03044A   12013.32454412  .00000054  00000-0  10000-3 0  3245
2 27954   0.0072  67.2703 0000490 135.1085 259.6737  1.00273423 30418
ZHONGXING-20            
1 28082U 03052A   12012.66355372 -.00000286  00000-0  10000-3 0  5226
2 28082   0.0392  55.8145 0004660 280.0358 112.7430  1.00273834 29946
YAMAL 202               
1 28089U 03053A   12013.98176381  .00000125  00000-0  10000-3 0  4074
2 28089   0.0283 272.7214 0002976   9.7975 232.7325  1.00274100 29873
YAMAL 201               
1 28094U 03053B   12013.94088079 -.00000224  00000-0  10000-3 0  8437
2 28094   0.0239 279.7288 0003016 349.1235 272.6954  1.00270814 32046
AMOS 2                  
1 28132U 03059A   12014.01563402 -.00000029  00000-0  00000+0 0  1838
2 28132   0.0247 334.5154 0003319 310.4938 189.5231  1.00271375 29567
EXPRESS-AM 22           
1 28134U 03060A   12013.98169392  .00000103  00000-0  10000-3 0  5434
2 28134   0.0595 218.4207 0000989  91.5941 209.2228  1.00272418 29481
AMC-10 (GE-10)          
1 28154U 04003A   12014.90308707  .00000092  00000-0  10000-3 0  5080
2 28154   0.0201 306.2338 0002724 350.3815   7.2481  1.00272832 29110
MBSAT                   
1 28184U 04007A   12013.21580402 -.00000245  00000-0  10000-3 0  3353
2 28184   0.0091 321.8803 0001939 323.8029  48.1541  1.00270657 28785
EUTELSAT W3A            
1 28187U 04008A   12014.83410219  .00000052  00000-0  10000-3 0  2910
2 28187   0.0673   3.8705 0002600 232.8442 184.2810  1.00274116 28769
DIRECTV 7S              
1 28238U 04016A   12015.09467666  .00000005  00000-0  10000-3 0  4294
2 28238   0.0044 346.8297 0002817 303.1612  98.9728  1.00272534 28272
AMC-11 (GE-11)          
1 28252U 04017A   12015.26036041  .00000073  00000-0  10000-3 0  2012
2 28252   0.0350 286.9134 0003172  18.0987 131.8128  1.00271044 28067
INTELSAT 10-02          
1 28358U 04022A   12013.95649106 -.00000006  00000-0  10000-3 0  2210
2 28358   0.0229 107.0656 0000893 166.8733 182.2512  1.00272021 27803
APSTAR 5 (TELSTAR 18)   
1 28364U 04024A   12013.53739836 -.00000289  00000-0  10000-3 0  2586
2 28364   0.0440 240.4229 0002791  44.6525 158.7897  1.00270353 27781
ANIK F2                 
1 28378U 04027A   12012.32877392 -.00000044  00000-0  10000-3 0   824
2 28378   0.0238  21.4400 0000137 290.4601 166.6197  1.00272777 27511
AMAZONAS                
1 28393U 04031A   12012.36614071 -.00000276  00000-0  10000-3 0  9368
2 28393   0.0237  30.5504 0002933 285.2393 226.2946  1.00269333 27282
AMC-15                  
1 28446U 04041A   12015.05260215 -.00000085  00000-0  10000-3 0  4109
2 28446   0.0101 307.7281 0002286 334.3464 105.7245  1.00272139 26592
FENGYUN 2C              
1 28451U 04042A   12012.92808191 -.00000354  00000-0  10000-3 0  3197
2 28451   3.6253  67.7883 0002584 301.0059 200.5879  1.00261817 26473
EXPRESS-AM 1            
1 28463U 04043A   12013.95308638  .00000154  00000-0  10000-3 0  2169
2 28463   1.4771  74.4753 0003591 223.8557 197.6015  1.00273926 26394
AMC-16                  
1 28472U 04048A   12015.06161311 -.00000202  00000-0  10000-3 0  4014
2 28472   0.0153 333.5435 0002330 303.1393 134.4071  1.00270375 26003
NSS-10 (AMC-12)         
1 28526U 05003A   12014.04427194 -.00000245  00000-0  10000-3 0  9020
2 28526   0.0138 341.2213 0003264 313.6563 156.5508  1.00269656 25490
XTAR-EUR                
1 28542U 05005A   12012.71757041  .00000157  00000-0  10000-3 0  9301
2 28542   0.0094 355.2081 0001707 291.9777 111.7558  1.00273078 25347
HIMAWARI-6 (MTSAT-1R)   
1 28622U 05006A   12013.22111047 -.00000275  00000-0  10000-3 0  6082
2 28622   0.0308  66.1831 0003062 280.0200 345.4745  1.00270294 25173
XM-3 (RHYTHM)           
1 28626U 05008A   12015.06161236 -.00000202  00000-0  10000-3 0   913
2 28626   0.0123 167.3986 0000505  60.7665 182.8430  1.00270957 25253
INMARSAT 4-F1           
1 28628U 05009A   12014.66003418 -.00000255  00000-0  10000-3 0  1816
2 28628   2.4788 341.9418 0002998 307.4268 205.2375  1.00269451 24867
EXPRESS-AM 2            
1 28629U 05010A   12013.97037244 -.00000131  00000-0  10000-3 0  9053
2 28629   0.0284 224.5123 0001423 107.6495 210.0208  1.00272160 24888
APSTAR 6                
1 28638U 05012A   12014.53338972 -.00000313  00000-0  10000-3 0  1997
2 28638   0.0207  70.1464 0002402 223.0827 146.2053  1.00271640 49603
SPACEWAY 1              
1 28644U 05015A   12013.10480410 -.00000097  00000-0  10000-3 0  2770
2 28644   0.0228 196.7003 0000309  18.7518 191.3616  1.00272480 24687
DIRECTV 8               
1 28659U 05019A   12014.32933046 -.00000111  00000-0  10000-3 0  3591
2 28659   0.0183  16.5024 0002526 269.8799 204.5121  1.00271499 24360
GALAXY 28 (G-28)        
1 28702U 05022A   12014.40536897 -.00000180  00000-0  10000-3 0  2052
2 28702   0.0337  70.2502 0001373  80.1292  19.7904  1.00270605 24070
EXPRESS-AM 3            
1 28707U 05023A   12013.22327774 -.00000275  00000-0  10000-3 0  6597
2 28707   0.0526 190.0113 0001688  56.4308  86.0283  1.00268703 24025
THAICOM 4               
1 28786U 05028A   12014.53300096 -.00000358  00000-0  10000-3 0  9632
2 28786   0.0052  23.7975 0002766 268.7782 132.1849  1.00268999 23584
GALAXY 14 (G-14)        
1 28790U 05030A   12015.25950472  .00000040  00000-0  10000-3 0  2448
2 28790   0.0196  37.0812 0002412 237.0492 168.3904  1.00271053 23501
ANIK F1R                
1 28868U 05036A   12013.33020046 -.00000068  00000-0  10000-3 0  9338
2 28868   0.0154  30.0315 0001716 243.2165 210.5108  1.00270873 23329
GALAXY 15 (G-15)        
1 28884U 05041A   12013.32649413  .00000085  00000-0  10000-3 0  2809
2 28884   0.0093   2.5163 0002479 278.5311 175.7006  1.00272909 22910
SYRACUSE 3A             
1 28885U 05041B   12013.96220839  .00000134  00000-0  10000-3 0  1003
2 28885   0.0207  75.3324 0002701 218.8468 212.0305  1.00272665 23011
INMARSAT 4-F2           
1 28899U 05044A   12014.01628723  .00000144  00000-0  10000-3 0   462
2 28899   2.2105 337.0808 0003017 305.7523 220.9981  1.00272449 22692
TELKOM 2                
1 28902U 05046A   12013.53686475 -.00000357  00000-0  10000-3 0   842
2 28902   0.0253 196.6764 0001296  75.5336 151.4882  1.00270566 22582
SPACEWAY 2              
1 28903U 05046B   12014.29855914 -.00000121  00000-0  10000-3 0  1506
2 28903   0.0322 187.7199 0000214 142.0296 151.7801  1.00271395 22672
INSAT-4A                
1 28911U 05049A   12013.96654690 -.00000160  00000-0  10000-3 0  9500
2 28911   0.0291  77.1957 0007068 196.9726 269.6159  1.00271083 22264
METEOSAT-9 (MSG-2)      
1 28912U 05049B   12011.87884012  .00000002  00000-0  00000+0 0   164
2 28912   0.3625 348.1958 0001276  54.8980  23.8319  1.00276755 22269
AMC-23                  
1 28924U 05052A   12013.64080956 -.00000000  00000-0  10000-3 0  1045
2 28924   0.0067 312.8057 0004034 340.6254 221.7735  1.00272767 22150
ECHOSTAR 10             
1 28935U 06003A   12014.27839961 -.00000051  00000-0  10000-3 0  3006
2 28935   0.0386 283.5878 0002292 351.1872 188.3785  1.00271581 21692
MTSAT-2                 
1 28937U 06004A   12014.53369464 -.00000238  00000-0  10000-3 0   851
2 28937   0.0306  22.4757 0001780 294.6421 133.4809  1.00271662 21670
SPAINSAT                
1 28945U 06007A   12010.05972402 -.00000207  00000-0  00000+0 0  7463
2 28945   0.0152 204.4269 0006670  39.6011 216.4660  1.00273236 21398
EUROBIRD 9A             
1 28946U 06007B   12010.10566451  .00000070  00000-0  10000-3 0  8028
2 28946   0.1343 142.7982 0003669 179.2174 194.0069  1.00272228 21444
JCSAT-5A                
1 29045U 06010A   12013.22638402 -.00000323  00000-0  10000-3 0  8869
2 29045   0.0155 357.3185 0000976 289.7585  38.5525  1.00269845 21119
ASTRA 1KR               
1 29055U 06012A   12013.00000000  .00000125  00000-0  00000+0 0  4810
2 29055   0.0650 270.4580 0004529 348.6490 231.9660  1.00267096 21038
GOES 13                 
1 29155U 06018A   12013.15593272 -.00000245  00000-0  10000-3 0  9051
2 29155   0.3643  81.1363 0001524 326.5953  45.8087  1.00275126 20689
SATMEX 6                
1 29162U 06020A   12013.25761000 -.00000032  00000-0  10000-3 0  8478
2 29162   0.0199 128.9363 0002343 147.2961 175.6685  1.00272959 20640
THAICOM 5               
1 29163U 06020B   12010.98694174 -.00000114  00000-0  10000-3 0  1387
2 29163   0.0382 260.9681 0004837   7.7590 274.9771  1.00272049 20686
GALAXY 16 (G-16)        
1 29236U 06023A   12013.32188286 -.00000121  00000-0  10000-3 0  1146
2 29236   0.0179  56.5439 0002994 226.6603 205.8685  1.00271733 20439
HOT BIRD 8              
1 29270U 06032A   12013.94515112  .00000092  00000-0  10000-3 0  7405
2 29270   0.0390  28.7261 0003081 306.4658 130.8720  1.00272843 20048
JCSAT-3A                
1 29272U 06033A   12013.53712392 -.00000339  00000-0  10000-3 0  9432
2 29272   0.0100 329.3107 0002284 342.4273 122.0403  1.00270657 19933
SYRACUSE 3B             
1 29273U 06033B   12014.01606266 -.00000038  00000-0  10000-3 0  8490
2 29273   0.0171  45.4906 0003395 230.6613 197.3233  1.00272964 19923
KOREASAT 5 (MUGUNGWHA 5)
1 29349U 06034A   12013.24130566 -.00000353  00000-0  10000-3 0  9732
2 29349   0.0271  83.4193 0001632 230.8039 357.7977  1.00269423 19804
ZHONGXING-22A           
1 29398U 06038A   12013.97628291 -.00000319  00000-0  10000-3 0  5971
2 29398   1.8999  73.4950 0003543 266.6533 227.3961  1.00270111 19613
DIRECTV 9S              
1 29494U 06043A   12014.32933036 -.00000109  00000-0  00000+0 0   203
2 29494   0.0369  55.8982 0002606 235.3360 199.4025  1.00271392 19286
OPTUS D1                
1 29495U 06043B   12013.64038015 -.00000105  00000-0  10000-3 0  9032
2 29495   0.0157  53.9368 0002935 234.7768 214.3363  1.00271868 19313
XM-4 (BLUES)            
1 29520U 06049A   12014.24031286 -.00000018  00000-0  10000-3 0  8220
2 29520   0.0211 205.4984 0000248  70.4884 168.4064  1.00268995 19189
BADR-4                  
1 29526U 06051A   12012.89105999  .00000150  00000-0  10000-3 0  8755
2 29526   0.0559 307.5915 0006608 349.0622 161.8868  1.00271516 19057
FENGYUN 2D              
1 29640U 06053A   12012.66115669 -.00000194  00000-0  10000-3 0  3387
2 29640   2.0072  77.2280 0001613 297.7135  61.1195  1.00276905 18715
WILDBLUE-1              
1 29643U 06054A   12012.32877392 -.00000043  00000-0  10000-3 0  7312
2 29643   0.0214  95.3105 0001974 195.2916 187.8046  1.00271477 18709
AMC-18                  
1 29644U 06054B   12014.53618774 -.00000085  00000-0  10000-3 0   189
2 29644   0.0237 297.6339 0003127   1.5865 262.2583  1.00271936 18732
MEASAT-3                
1 29648U 06056A   12012.68087863 -.00000236  00000-0  10000-3 0  8128
2 29648   0.0204  56.3922 0001177 232.1299 159.6790  1.00271828 18733
KIKU-8 (ETS-VIII)       
1 29656U 06059A   12013.44457112 -.00000233  00000-0  10000-3 0  8816
2 29656   1.6258  74.6616 0005087 223.8388 119.6179  1.00270049 18620
BEIDOU 1D               
1 30323U 07003A   12013.67132149 -.00000029  00000-0  10000-3 0  1225
2 30323   1.9915 264.5870 0061249 336.6154  23.5320  0.99148101 18467
INSAT-4B                
1 30793U 07007A   12013.97051354 -.00000253  00000-0  10000-3 0  6337
2 30793   0.0937 254.2393 0001216 204.2222  97.3394  1.00272327 17754
SKYNET 5A               
1 30794U 07007B   12013.94703531  .00000046  00000-0  99999-4 0  8163
2 30794   0.0687 356.6739 0003153 277.5560 185.4963  1.00272713 17927
ANIK F3                 
1 31102U 07009A   12014.39372909  .00000004  00000-0  10000-3 0  8787
2 31102   0.0040  44.1743 0002648 241.2449 210.8647  1.00271978 17519
ASTRA 1L                
1 31306U 07016A   12013.00000000  .00000125  00000-0  00000+0 0  4503
2 31306   0.0760 295.9870 0005007 352.7750 202.3150  1.00267508 17245
GALAXY 17 (G-17)        
1 31307U 07016B   12014.50507632 -.00000170  00000-0  10000-3 0  8121
2 31307   0.0096  43.4092 0002810 248.5762 272.2135  1.00271385 17252
NIGCOMSAT 1             
1 31395U 07018A   12011.62566626 -.00000272  00000-0  10000-3 0  8356
2 31395   2.8471  70.6141 0005326 349.2699  10.5618  1.00330121 17226
EUTELSAT 3A             
1 31577U 07021A   12013.94835243  .00000026  00000-0  00000-0 0  3361
2 31577   0.0666 246.6437 0004166  48.9714 161.8599  1.00270393 16950
ZHONGXING-6B            
1 31800U 07031A   12013.23952688 -.00000356  00000-0  10000-3 0  3075
2 31800   0.0041  70.2716 0003685 253.6563 349.9206  1.00268669 16631
DIRECTV 10              
1 31862U 07032A   12014.37489883 -.00000098  00000-0  10000-3 0  8340
2 31862   0.0075 233.4594 0000391 142.6118 129.3251  1.00271254 16585
SPACEWAY 3              
1 32018U 07036A   12011.50249664 -.00000144  00000-0  10000-3 0  7623
2 32018   0.0199 194.5078 0000321 326.9606  34.8691  1.00270708 16279
BSAT-3A                 
1 32019U 07036B   12013.97545550 -.00000345  00000-0  10000-3 0  6835
2 32019   0.0637 245.5781 0004015  16.5690 311.7173  1.00269455 16239
INSAT-4CR               
1 32050U 07037A   12012.81989471 -.00000072  00000-0  10000-3 0  6362
2 32050   0.0777  79.3903 0004054 223.9221 177.5851  1.00272761 16016
OPTUS D2                
1 32252U 07044A   12014.45784734 -.00000179  00000-0  10000-3 0  8721
2 32252   0.0165  89.7024 0003454 204.0698 136.3683  1.00270897 15711
INTELSAT 11 (IS-11)     
1 32253U 07044B   12013.91484938 -.00000264  00000-0  10000-3 0  6436
2 32253   0.0121 262.9175 0003134  23.8727 112.3213  1.00269724 15700
STAR ONE C1             
1 32293U 07056A   12015.31866873 -.00000273  00000-0  10000-3 0  6745
2 32293   0.0539  83.7729 0002443 207.4548 232.6735  1.00273559 15340
SKYNET 5B               
1 32294U 07056B   12013.98169365  .00000104  00000-0  10000-3 0  8080
2 32294   0.0660 353.8785 0003945 289.2314 235.8660  1.00271358 15411
SIRIUS 4                
1 32299U 07057A   12013.94450763  .00000038  00000-0  10000-3 0  6889
2 32299   0.0364 243.0966 0002931  43.9875 170.5698  1.00273055 15264
RADUGA-1M 1             
1 32373U 07058A   12014.78846256 -.00000035  00000-0  10000-3 0  1931
2 32373   0.0104 268.2631 0002906 359.7733 199.4737  1.00272854 15912
HORIZONS-2              
1 32388U 07063B   12012.80983010  .00000071  00000-0  00000-0 0  6967
2 32388   0.0302  62.7701 0002119 235.7924 126.0481  1.01528208 15048
THURAYA-3               
1 32404U 08001A   12013.26801177 -.00000295  00000-0  10000-3 0  7518
2 32404   4.9419 337.6584 0005268 315.3555  14.2524  1.00270514 14694
EXPRESS-AM 33           
1 32478U 08003A   12013.97136432 -.00000275  00000-0  10000-3 0  1358
2 32478   0.0525 230.8879 0001104 183.3084 144.8309  1.00271863 14819
THOR 5                  
1 32487U 08006A   12013.95649106 -.00000004  00000-0  10000-3 0  7026
2 32487   0.0292 201.9897 0002434  99.8323 154.5779  1.00272062 14364
KIZUNA (WINDS)          
1 32500U 08007A   12011.50730377 -.00000251  00000-0  10000-3 0  6318
2 32500   0.0738 276.3542 0003407   7.7647 151.9170  1.00270143 14270
AMC-14                  
1 32708U 08011A   12012.78816875  .00000163  00000-0  10000-3 0  8809
2 32708  15.1795  97.6344 0045126 357.9034 334.3917  1.00277130 15324
DIRECTV 11              
1 32729U 08013A   12014.29855903 -.00000120  00000-0  10000-3 0  7800
2 32729   0.0265 178.5449 0000344 138.3770 164.4725  1.00270806 14116
ICO G1                  
1 32763U 08016A   12014.29639368 -.00000165  00000-0  00000+0 0  7563
2 32763   4.7437 336.2291 0003496 312.2653 198.5250  1.00271281 13778
VINASAT-1               
1 32767U 08018A   12014.53333637 -.00000324  00000-0  10000-3 0  6871
2 32767   0.0290 305.8179 0001458 343.8587 147.6501  1.00269819 13797
STAR ONE C2             
1 32768U 08018B   12015.07242972 -.00000261  00000-0  10000-3 0  6536
2 32768   0.0362  78.5862 0002327 217.8856 133.5458  1.00272899 13838
TIANLIAN I (CTDRS-1)    
1 32779U 08019A   12014.01681757 -.00000102  00000-0  10000-3 0  1179
2 32779   0.1392 265.7869 0004645 301.3702 348.8422  1.00271955 13648
AMOS 3                  
1 32794U 08022A   12014.01563402 -.00000030  00000-0  10000-3 0  4900
2 32794   0.0311 297.9749 0001143 312.5918 223.9255  1.00270989 13623
GALAXY 18 (G-18)        
1 32951U 08024A   12014.40090998  .00000030  00000-0  10000-3 0  5769
2 32951   0.0285 144.2632 0003289 142.9011 207.4181  1.00272642 13392
CHINASAT 9 (ZX 9)       
1 33051U 08028A   12013.95428909 -.00000242  00000-0  10000-3 0   986
2 33051   0.0141  66.5788 0006869 256.7379 225.2478  1.00271698 13208
SKYNET 5C               
1 33055U 08030A   12015.04088457 -.00000135  00000-0  10000-3 0  5497
2 33055   0.0685 347.0146 0003051 283.7360 200.1212  1.00272169 13213
TURKSAT 3A              
1 33056U 08030B   12012.88365830  .00000152  00000-0  10000-3 0  5634
2 33056   0.0176  70.5620 0003243 223.5943 177.7335  1.00274690 13245
COSMOS 2440             
1 33108U 08033A   12012.62114874 -.00000126  00000-0  10000-3 0  9644
2 33108   0.9726  43.5229 0002806 334.0489  36.8726  1.00277955 12970
INTELSAT 25 (IS-25)     
1 33153U 08034A   12013.04821608 -.00000218  00000-0  10000-3 0  6292
2 33153   0.0276 309.1697 0001734 336.7817 171.8374  1.00269726 12914
BADR-6                  
1 33154U 08034B   12013.92570947  .00000150  00000-0  10000-3 0  5672
2 33154   0.0540  17.9750 0003703 300.5627 153.5367  1.00274255 12944
ECHOSTAR 11             
1 33207U 08035A   12013.30204542 -.00000051  00000-0  10000-3 0  7627
2 33207   0.0162   4.0232 0002848 275.8429 191.0662  1.00272766 12825
SUPERBIRD-C2            
1 33274U 08038A   12014.53366416 -.00000247  00000-0  10000-3 0  7525
2 33274   0.0160   1.5285 0001410 297.7721 150.1369  1.00269220 12561
AMC-21                  
1 33275U 08038B   12014.46579955  .00000040  00000-0  10000-3 0  6891
2 33275   0.0341 297.0466 0001787   1.8868 217.2128  1.00274646 12655
INMARSAT 4-F3           
1 33278U 08039A   12014.29429571 -.00000135  00000-0  10000-3 0  5192
2 33278   3.0009 341.8492 0003016 305.9373 193.6881  1.00271707 12518
NIMIQ 4                 
1 33373U 08044A   12014.48229369 -.00000216  00000-0  00000+0 0  5205
2 33373   0.0080  63.4502 0002696 242.6421 258.8773  1.00271603 12196
GALAXY 19 (G-19)        
1 33376U 08045A   12014.47107240 -.00000134  00000-0  10000-3 0  6172
2 33376   0.0088 215.1339 0003342  76.9895 253.7216  1.00270752 12148
VENESAT-1               
1 33414U 08055A   12015.06962424 -.00000233  00000-0  10000-3 0  9022
2 33414   0.0365 217.8610 0001310  82.2562 120.8238  1.00269321 11859
ASTRA 1M                
1 33436U 08057A   12013.00000000  .00000125  00000-0  00000+0 0   309
2 33436   0.0110 228.7960 0003017 358.6880 263.6110  1.00265142 11705
CIEL-2                  
1 33453U 08063A   12014.48099041  .00000063  00000-0  10000-3 0  5515
2 33453   0.0346 251.0884 0003351  44.2500 222.2918  1.00271016 11352
HOT BIRD 9              
1 33459U 08065A   12013.97500490  .00000092  00000-0  10000-3 0  5120
2 33459   0.0508 348.9360 0004536 331.0223 156.8655  1.00269939 11427
EUTELSAT W2M            
1 33460U 08065B   12013.96261747  .00000129  00000-0  10000-3 0  4298
2 33460   0.0751 292.4994 0002342 349.9261 224.9475  1.00274126 11283
FENGYUN 2E              
1 33463U 08066A   12013.25318767 -.00000324  00000-0  10000-3 0  8527
2 33463   0.5923 351.9296 0002182  49.2968 266.3562  1.00280104 11262
EXPRESS-AM 44           
1 33595U 09007A   12014.18220697 -.00000084  00000-0  10000-3 0  8260
2 33595   0.0071 170.8914 0001259 171.5338 185.2138  1.00271923 10745
EXPRESS-MD1             
1 33596U 09007B   12012.62114921 -.00000130  00000-0  10000-3 0  8644
2 33596   0.0238 252.6315 0003015  28.1347 134.4553  1.00271486 10767
NSS-9                   
1 33749U 09008A   12014.44424036  .00000076  00000-0  00000+0 0  5895
2 33749   0.0203 315.1777 0002213 340.2555 160.7693  1.00272855 10740
ATLANTIC BIRD 4A        
1 33750U 09008B   12013.94835243  .00000025  00000-0  00000+0 0  6555
2 33750   0.0699 344.0165 0003179 285.9222 187.3790  1.00272085 10772
TELSTAR 11N             
1 34111U 09009A   12014.04426432 -.00000246  00000-0  10000-3 0  5062
2 34111   0.0092  60.3591 0002661 227.4460 163.4828  1.00270240 10590
RADUGA-1 8              
1 34264U 09010A   12013.97458951  .00000088  00000-0  10000-3 0  8274
2 34264   1.6650 107.1854 0000691 182.7245 185.8403  1.00276071 10521
EUTELSAT W2A            
1 34710U 09016A   12013.94877209  .00000073  00000-0  10000-3 0  5040
2 34710   0.0638   0.4077 0004795 289.1258 174.8290  1.00272529 10248
BEIDOU G2               
1 34779U 09018A   12012.78873628  .00000036  00000-0  10000-3 0  6915
2 34779   1.4238  72.0273 0052313 160.2600 227.8457  1.00169813 10252
SICRAL 1B               
1 34810U 09020A   12013.97458755  .00000085  00000-0  10000-3 0  4952
2 34810   0.0950  93.4666 0001948 138.9040 243.0321  1.00275208 10105
SES-7 (PROTOSTAR 2)     
1 34941U 09027A   12013.24473686 -.00000339  00000-0  10000-3 0  5239
2 34941   0.0450  59.6268 0003101 225.3296  23.4109  1.00268790  9799
MEASAT-3A               
1 35362U 09032A   12012.68086525 -.00000235  00000-0  10000-3 0  3662
2 35362   0.0402 261.4794 0003574  27.2603 159.4205  1.00269701  9404
GOES 14                 
1 35491U 09033A   12014.53619189 -.00000082  00000-0  00000+0 0  2899
2 35491   0.1453 251.4209 0002821 191.2087 118.3672  1.00271535  9361
SIRIUS FM-5             
1 35493U 09034A   12013.32541314 -.00000140  00000-0  00000+0 0  4260
2 35493   0.0003 142.2287 0000682 126.1910 224.9350  1.00271257  9336
TERRESTAR-1             
1 35496U 09035A   12015.25662164 -.00000051  00000-0  10000-3 0  5600
2 35496   4.7674 322.6857 0003474 327.8819 164.9192  1.00271713  9368
ASIASAT 5               
1 35696U 09042A   12013.98842429 -.00000302  00000-0  10000-3 0  7074
2 35696   0.0231 317.4368 0000874 321.2195 290.5295  1.00269267  8880
JCSAT-RA (JCSAT-12)     
1 35755U 09044A   12013.23548266 -.00000340  00000-0  10000-3 0  4318
2 35755   0.0603  47.8164 0001323 233.5044  43.4874  1.00269783  8820
OPTUS D3                
1 35756U 09044B   12014.30163449 -.00000143  00000-0  10000-3 0  4089
2 35756   0.0419 330.3830 0004307 335.7874  71.5829  1.00270385  8829
PALAPA D                
1 35812U 09046A   12013.24231063 -.00000352  00000-0  10000-3 0  4693
2 35812   0.0266  83.9276 0002633 240.1248 348.2486  1.00269730  8848
NIMIQ 5                 
1 35873U 09050A   12011.46804574 -.00000249  00000-0  10000-3 0  4561
2 35873   0.0069 357.3040 0002363 293.0754 275.7718  1.00269996  8512
AMAZONAS 2              
1 35942U 09054A   12012.36616082 -.00000276  00000-0  10000-3 0  3904
2 35942   0.0393 201.0123 0001815  89.4080 251.6568  1.00270953  8371
COMSATBW-1              
1 35943U 09054B   12012.64288691  .00000030  00000-0  10000-3 0  4455
2 35943   0.0939  99.0557 0002247 183.0008 123.9691  1.00275682  8423
NSS-12                  
1 36032U 09058A   12014.04659694  .00000076  00000-0  10000-3 0  4168
2 36032   0.0270 286.8621 0002808 358.4474 261.3812  1.00273120  8121
THOR 6                  
1 36033U 09058B   12013.95649106 -.00000005  00000-0  10000-3 0  4461
2 36033   0.0071 172.4267 0001865 127.8973 155.9990  1.00272935  8141
INTELSAT 14 (IS-14)     
1 36097U 09064A   12015.04017564 -.00000270  00000-0  00000+0 0  3476
2 36097   0.0152  66.3277 0003985 187.3923 189.6498  1.00270189  7891
EUTELSAT W7             
1 36101U 09065A   12015.04221859  .00000159  00000-0  10000-3 0  4557
2 36101   0.0654 353.1820 0004218 293.1478 238.6715  1.00273567  7997
INTELSAT 15 (IS-15)     
1 36106U 09067A   12012.66074697 -.00000179  00000-0  10000-3 0  4682
2 36106   0.0137  25.8728 0002767 276.3628 132.3179  1.00270954  7761
DIRECTV 12              
1 36131U 09075A   12013.10480439 -.00000097  00000-0  10000-3 0  5987
2 36131   0.0186 149.2796 0000308  62.6180 195.0621  1.00271842  7559
BEIDOU G1               
1 36287U 10001A   12013.22518405 -.00000279  00000-0  10000-3 0  5867
2 36287   1.5291   6.0561 0002488 216.9955 110.0772  1.00268412  7349
RADUGA-1M 2             
1 36358U 10002A   12014.53215481 -.00000179  00000-0  10000-3 0  6129
2 36358   0.0210 265.1436 0003384  57.9327  66.8796  1.00270003  7190
SDO                     
1 36395U 10005A   12014.51379350 -.00000026  00000-0  00000+0 0  4222
2 36395  27.8489 176.8949 0001514 313.7914  65.9808  1.00271630  7248
INTELSAT 16 (IS-16)     
1 36397U 10006A   12014.28305197 -.00000280  00000-0  10000-3 0  3638
2 36397   0.0101 296.5814 0002862 334.2526 246.1024  1.00269485  7023
GOES 15                 
1 36411U 10008A   12014.37936887  .00000091  00000-0  00000+0 0  8979
2 36411   0.0749 263.3028 0002288 267.4360 304.4037  1.00276338  6860
ECHOSTAR 14             
1 36499U 10010A   12013.39487527  .00000006  00000-0  10000-3 0  4901
2 36499   0.0016   3.9214 0003180 287.9474 203.6668  1.00272807  6703
SES-1                   
1 36516U 10016A   12014.32933017 -.00000110  00000-0  10000-3 0  3828
2 36516   0.0148 299.6289 0002429 355.5040 195.6143  1.00271571  6313
ASTRA 3B                
1 36581U 10021A   12014.02118966  .00000142  00000-0  00000+0 0  2289
2 36581   0.0556  68.0854 0001542 256.5118 179.3966  1.00272036  6156
COMSATBW-2              
1 36582U 10021B   12013.97500484  .00000094  00000-0  10000-3 0  3409
2 36582   0.0955  91.9628 0001764 183.0625 202.0090  1.00275063  6163
BEIDOU G3               
1 36590U 10024A   12012.65786509 -.00000171  00000-0  00000-0 0  4267
2 36590   1.1560 343.2068 0000784 313.9442 135.3097  1.00272334  5947
BADR-5                  
1 36592U 10025A   12013.92570947  .00000150  00000-0  10000-3 0  2479
2 36592   0.0121  93.8784 0003191 165.8450 212.3563  1.00276068  6090
COMS 1                  
1 36744U 10032A   12014.53323727 -.00000340  00000-0  10000-3 0  2951
2 36744   0.0247  52.4681 0000817 230.7332 150.3969  1.00268385  5833
ARABSAT-5A              
1 36745U 10032B   12013.96828314  .00000158  00000-0  10000-3 0  2877
2 36745   0.0521 354.4014 0003397 292.3774 205.1182  1.00271607  5853
ECHOSTAR 15             
1 36792U 10034A   12015.09996524 -.00000278  00000-0  10000-3 0  3130
2 36792   0.0497 278.0083 0001941  24.4756 145.9226  1.00270974  5587
BEIDOU IGSO 1           
1 36828U 10036A   12014.26998031 -.00000081  00000-0  10000-3 0  3913
2 36828  54.7953 213.1734 0025957 186.7829 291.3125  1.00286188  5396
NILESAT 201             
1 36830U 10037A   12013.04884878 -.00000052  00000-0  10000-3 0  2338
2 36830   0.0498 200.2100 0003675  73.4704 208.7967  1.00271809  5455
RASCOM-QAF 1R           
1 36831U 10037B   12013.94835243  .00000024  00000-0  00000-0 0  2255
2 36831   0.0331  88.0497 0004090 207.0901 161.9782  1.00272328  5462
CHINASAT 6A (ZX 6A)     
1 37150U 10042A   12013.53704770 -.00000349  00000-0  00000+0 0  4141
2 37150   0.0490 237.1056 0001379 111.8732  81.7715  1.00269630  5100
XM-5                    
1 37185U 10053A   12015.06161148 -.00000201  00000-0  10000-3 0  3171
2 37185   0.0065  27.4162 0003141 146.7136 236.7279  1.00270748  4645
BSAT-3B                 
1 37207U 10056B   12012.65953086 -.00000344  00000-0  10000-3 0  2279
2 37207   0.0413 358.0084 0003698 356.7088 104.0451  1.00271446  4453
BEIDOU G4               
1 37210U 10057A   12014.29871039 -.00000107  00000-0  00000+0 0  3399
2 37210   0.9344 297.7983 0002618 164.5596 278.3418  1.00270752  4486
SKYTERRA 1              
1 37218U 10061A   12014.24136979 -.00000113  00000-0  00000+0 0  3166
2 37218   5.5557 320.7359 0001965 194.3712 303.6043  1.00272033  4402
ZHONGXING-20A           
1 37234U 10064A   12014.53328301 -.00000332  00000-0  10000-3 0  3248
2 37234   0.0439  55.4486 0002833 328.6424  51.2991  1.00274354  4236
HYLAS 1                 
1 37237U 10065A   12011.88667910 -.00000227  00000-0  10000-3 0  2443
2 37237   0.0349   7.3417 0001463 303.0650  86.0265  1.00269086  4163
INTELSAT 17             
1 37238U 10065B   12015.04291228  .00000002  00000-0  10000-3 0  2294
2 37238   0.0428 245.3776 0002328  38.5880 271.3636  1.00271177  4211
BEIDOU IGSO 2           
1 37256U 10068A   12014.50202523 -.00000246  00000-0  10000-3 0  2838
2 37256  55.0192 333.9882 0021703 187.0754 251.1109  1.00290297  3987
KA-SAT                  
1 37258U 10069A   12013.94660671  .00000067  00000-0  10000-3 0  2054
2 37258   0.0351 297.6301 0000717 117.4550  47.5451  1.00270677  3999
HISPASAT 1E             
1 37264U 10070A   12014.18657057 -.00000211  00000-0  00000+0 0  2400
2 37264   0.0254 163.1345 0002148 121.0720 226.0349  1.00271058  3841
KOREASAT 6              
1 37265U 10070B   12013.23689088 -.00000356  00000-0  10000-3 0  1948
2 37265   0.0112 318.9813 0002172   1.7444 352.6776  1.00270460  3856
ELEKTRO-L 1 (GOMS 2)    
1 37344U 11001A   12014.01725704 -.00000092  00000-0  10000-3 0  2605
2 37344   0.0278 235.0636 0000520 232.9844  87.1188  1.00271683  3659
BEIDOU IGSO 3           
1 37384U 11013A   12013.66832117 -.00000163  00000-0  00000+0 0  2030
2 37384  55.5724  93.6976 0025113 188.9626 188.1817  1.00249026  2850
INTELSAT NEW DAWN       
1 37392U 11016A   12011.05749500  .00000163  00000-0  10000-3 0  1758
2 37392   0.0084 356.3219 0001533 277.2044 249.9487  1.00274165  2680
YAHSAT 1A               
1 37393U 11016B   12013.98169272  .00000106  00000-0  10000-3 0  2203
2 37393   0.0191  51.4021 0001896 240.0677 227.2702  1.00272467  2756
TELSTAR 14R             
1 37602U 11021A   12014.40000931 -.00000275  00000-0  10000-3 0  1450
2 37602   0.0099 344.6735 0002214 309.8285 259.7622  1.00270878  3069
GSAT-8                  
1 37605U 11022A   12012.79132278  .00000091  00000-0  10000-3 0  1415
2 37605   0.0976 257.1358 0007475   8.3402 186.1505  1.00273317  2413
ST-2                    
1 37606U 11022B   12013.95243311 -.00000206  00000-0  10000-3 0  1651
2 37606   0.0255  87.8993 0001985 209.0800 246.6863  1.00270159  2431
CHINASAT 10 (ZX 10)     
1 37677U 11026A   12013.53666655 -.00000346  00000-0  10000-3 0  1731
2 37677   0.0536 242.7395 0006925  25.1299 148.2203  1.00268149  2168
TIANLIAN 1-02           
1 37737U 11032A   12014.24750565  .00000037  00000-0  10000-3 0  1419
2 37737   0.6609 266.4041 0004928  30.6315  82.0047  1.00274784  1908
GSAT-12                 
1 37746U 11034A   12013.96654528 -.00000160  00000-0  10000-3 0  1116
2 37746   0.0817 253.3232 0004518 224.9366  65.5078  1.00272311  2140
SES-3                   
1 37748U 11035A   12013.04949674  .00000104  00000-0  10000-3 0  1327
2 37748   0.0085  37.6579 0019492 327.3194 143.6996  1.01355818  1860
KAZSAT-2                
1 37749U 11035B   12012.81628513 -.00000191  00000-0  10000-3 0  1189
2 37749   0.0197 115.6181 0000203 212.9691 163.4765  1.00268560  1929
BEIDOU IGSO 4           
1 37763U 11038A   12012.91075535 -.00000030  00000-0  10000-3 0   843
2 37763  55.1170 215.2725 0019884 168.7774 152.2964  1.00278158  1801
ASTRA 1N                
1 37775U 11041A   12015.04203564  .00000153  00000-0  00000+0 0  1168
2 37775   0.0427  30.1520 0002340 328.1066 158.9522  1.00272622  1656
BSAT-3C                 
1 37776U 11041B   12013.53665131 -.00000345  00000-0  10000-3 0  1274
2 37776   0.0197 319.7149 0001001  37.5004  58.3247  1.00269307  1721
PAKSAT-1R               
1 37779U 11042A   12014.01467328  .00000159  00000-0  10000-3 0   888
2 37779   0.0421 112.1416 0001626 165.4942 238.4986  1.00271772  1642
CHINASAT 1A (ZX 1A)     
1 37804U 11047A   12014.55980542 -.00000333  00000-0  00000+0 0   878
2 37804   0.3226 277.2542 0002221 113.4981  54.0657  1.00270257  1282
COSMOS 2473             
1 37806U 11048A   12012.62114912 -.00000129  00000-0  00000-0 0  1007
2 37806   0.1015  82.4369 0000927 246.6319  85.9606  1.00271229  1238
SES-2                   
1 37809U 11049A   12015.06968488 -.00000192  00000-0  10000-3 0   853
2 37809   0.0194 341.6932 0001768 320.9135 109.4039  1.00271062  1215
ARABSAT-5C              
1 37810U 11049B   12013.04305535  .00000130  00000-0  00000+0 0   620
2 37810   0.0629 345.1236 0008510 232.8538 289.5298  1.00274245  1220
ATLANTIC BIRD 7         
1 37816U 11051A   12013.95871203 -.00000055  00000-0  10000-3 0   823
2 37816   0.0596 346.1988 0002009 204.6619 259.7864  1.00271688  1145
QUETZSAT 1              
1 37826U 11054A   12015.10755807 -.00000269  00000-0  10000-3 0   903
2 37826   0.0125 356.7535 0002773 298.4229 150.4014  1.00271081  1281
INTELSAT 18             
1 37834U 11056A   12011.54614764  .00000061  00000-0  10000-3 0   813
2 37834   0.0071   0.9999 0002198 277.1226 208.9771  1.00274739  1118
EUTELSAT W3C            
1 37836U 11057A   12011.91362625  .00000102  00000-0  10000-3 0   785
2 37836   0.2156  74.1467 0002364 309.5685  70.5128  1.00271507   986
VIASAT-1                
1 37843U 11059A   12015.09873466 -.00000020  00000-0  00000+0 0   648
2 37843   0.0275 142.3553 0002666 120.1566 131.8524  1.00270094  1463
BEIDOU IGSO 5           
1 37948U 11073A   12012.69285706 -.00000183  00000-0  10000-3 0   349
2 37948  55.1558 333.3979 0018424 188.3802 293.5222  1.00271280   565
AMOS 5                  
1 37950U 11074A   12014.11289809  .00000115  00000-0  00000+0 0   215
2 37950   0.0659 115.5879 0005284  58.7248 356.3659  1.00276712   514
LUCH 5A                 
1 37951U 11074B   12012.78957523  .00000067  00000-0  00000-0 0   219
2 37951   4.8285 268.2919 0001358 302.9679 243.3218  1.00277392   345
NIGCOMSAT 1R            
1 38014U 11077A   12013.90962493  .00000150  00000-0  00000-0 0   213
2 38014   0.2299 264.4090 0000877  58.5833 159.7459  1.00273229   331
