STARLETTE               
1 07646U 75010A   12014.47375404 -.00000231  00000-0 -70381-4 0  8145
2 07646  49.8284  15.9270 0205478 302.0287  56.0795 13.82278533865881
LAGEOS 1                
1 08820U 76039A   12014.19034988  .00000019  00000-0  10000-3 0  2338
2 08820 109.8107 174.7592 0044943 349.9304  10.0356  6.38664600577134
AJISAI (EGS)            
1 16908U 86061A   12014.84130997 -.00000083  00000-0  10000-3 0  7202
2 16908  50.0086 143.7008 0011686  95.2841 264.9329 12.44468575824857
LAGEOS 2                
1 22195U 92070B   12013.50708018 -.00000009  00000-0  10000-3 0  4554
2 22195  52.6765 356.5674 0137808  43.6510 317.4857  6.47293965454542
STELLA                  
1 22824U 93061B   12015.00474904  .00000038  00000-0  33167-4 0   686
2 22824  98.5871 315.8930 0007384  65.6555 294.5409 14.27302627953533
WESTPAC                 
1 25398U 98043E   12014.06220810 -.00000014  00000-0  12163-4 0  3018
2 25398  98.3535 359.0785 0001452  26.7368 333.3892 14.22705164701790
GRACE-1                 
1 27391U 02012A   12015.12972259  .00003019  00000-0  79603-4 0  9861
2 27391  89.0084 236.4534 0017382  44.3207 315.9448 15.37978154549823
GRACE-2                 
1 27392U 02012B   12015.12939027  .00003030  00000-0  79850-4 0  9865
2 27392  89.0072 236.4781 0018027  46.3738 313.9034 15.37976137549821
GOC                     
1 34602U 09013A   12015.18951231 -.00003633  19022-5 -41940-5 0  5262
2 34602  96.6079  38.5678 0006924  94.6447 265.5624 16.05982799165789
