COSMOS 2413 (712)       
1 28509U 04053B   12014.07738832  .00000046  00000-0  10000-3 0  9479
2 28509  63.3741 247.8367 0004328 145.5643  42.2354  2.13102386 54861
COSMOS 2419 (714)       
1 28915U 05050A   12013.95794233  .00000048  00000-0  00000-0 0  6937
2 28915  64.8877 132.5723 0015869 351.8905  47.8270  2.13103968 47114
COSMOS 2425 (716)       
1 29670U 06062A   12013.97966808 -.00000021  00000-0  10000-3 0  4014
2 29670  65.8227  11.2797 0022531 340.3910 146.5565  2.13100892 39310
COSMOS 2426 (717)       
1 29671U 06062B   12013.67225566 -.00000021  00000-0  10000-3 0  4202
2 29671  65.8387  11.3371 0017588 177.1859 306.4124  2.13103356 39317
COSMOS 2424 (715)       
1 29672U 06062C   12014.20215894 -.00000021  00000-0  10000-3 0  4284
2 29672  65.8242  11.2769 0016963 176.1598 173.9521  2.13103160 39314
COSMOS 2433 (720)       
1 32275U 07052A   12014.97780419  .00000041  00000-0  10000-3 0  1548
2 32275  64.9021 132.2803 0001503 223.2550 149.5791  2.13102493 32859
COSMOS 2432 (719)       
1 32276U 07052B   12013.67480925  .00000049  00000-0  10000-3 0  1384
2 32276  64.9148 132.3629 0012276 344.9013  61.8445  2.13102118 32824
COSMOS 2434 (721)       
1 32393U 07065A   12014.65764189 -.00000021  00000-0  00000+0 0  9894
2 32393  65.4473  11.3409 0002561 159.9798 222.5659  2.13103025 31553
COSMOS 2435 (722)       
1 32394U 07065B   12014.19790044 -.00000022  00000-0  10000-3 0  8999
2 32394  65.4504  11.3503 0019654 351.5928 353.0245  2.13104033 31472
COSMOS 2436 (723)       
1 32395U 07065C   12014.64540388 -.00000021  00000-0  10000-3 0  9084
2 32395  65.4597  11.3583 0017153 344.3729 120.2238  2.13103209 31485
COSMOS 2442 (724)       
1 33378U 08046A   12015.05848450  .00000039  00000-0  10000-3 0  9339
2 33378  64.8156 131.8145 0024382 336.6477 142.3687  2.13102196 25715
COSMOS 2443 (725)       
1 33379U 08046B   12014.24727924  .00000046  00000-0  10000-3 0  9183
2 33379  64.8254 131.8856 0020917 180.3843 262.2096  2.13102473 25708
COSMOS 2444 (726)       
1 33380U 08046C   12013.89275508  .00000047  00000-0  10000-3 0  9205
2 33380  64.8345 131.9162 0025204 328.0201 158.4501  2.13102707 25689
COSMOS 2447 (727)       
1 33466U 08067A   12014.18911206  .00000040  00000-0  00000+0 0  8609
2 33466  64.2197 251.6113 0003017 280.8009 175.0933  2.13102089 23751
COSMOS 2449 (729)       
1 33467U 08067B   12014.07416053  .00000040  00000-0  00000+0 0  8653
2 33467  64.2083 251.5899 0003389 304.3417 198.9574  2.13102041 23778
COSMOS 2448 (728)       
1 33468U 08067C   12015.04558234  .00000039  00000-0  10000-3 0  8596
2 33468  64.2116 251.5619 0004999 327.5121 109.3802  2.13101801 23787
COSMOS 2456 (730)       
1 36111U 09070A   12015.04858936  .00000039  00000-0  00000+0 0  6066
2 36111  64.4475 251.6630 0005498 333.7081 152.0440  2.13102016 16221
COSMOS 2457 (733)       
1 36112U 09070B   12013.97628845  .00000041  00000-0  00000+0 0  5928
2 36112  64.4301 251.6627 0006128 146.9014  11.4316  2.13101681 16202
COSMOS 2458 (734)       
1 36113U 09070C   12013.47667575  .00000042  00000-0  10000-3 0  5989
2 36113  64.4346 251.6761 0002554  27.3995 152.7288  2.13102039 16193
COSMOS 2459 (731)       
1 36400U 10007A   12013.68502300  .00000048  00000-0  10000-3 0  5332
2 36400  64.8014 131.6911 0030979 355.8355 330.7060  2.13102656 14541
COSMOS 2461 (735)       
1 36401U 10007B   12014.29124961  .00000045  00000-0  10000-3 0  5331
2 36401  64.7936 131.6667 0006575  98.7139 243.1539  2.13102682 14558
COSMOS 2460 (732)       
1 36402U 10007C   12014.30176109  .00000045  00000-0  10000-3 0  5380
2 36402  64.7843 131.6637 0002026 139.8490 254.2855  2.13102388 14565
COSMOS 2466 (738)       
1 37137U 10041A   12014.44531549 -.00000022  00000-0  00000+0 0  3976
2 37137  65.0222  12.2941 0021197 161.4865 282.2230  2.13102679 10641
COSMOS 2465 (737)       
1 37138U 10041B   12014.18737023 -.00000022  00000-0  00000+0 0  4075
2 37138  65.0373  12.3435 0035855 172.1134 254.2284  2.13103084 10630
COSMOS 2464 (736)       
1 37139U 10041C   12013.63411822 -.00000023  00000-0  00000+0 0  3903
2 37139  65.0393  12.3506 0019703   5.9966 130.6316  2.13102913 10624
COSMOS 2471 (701K)      
1 37372U 11009A   12014.53659675  .00000043  00000-0  10000-3 0  2654
2 37372  64.7949 131.5861 0005092 228.2799  86.6109  2.13109708  6842
COSMOS 2474 (742)       
1 37829U 11055A   12014.26712045  .00000041  00000-0  00000+0 0   957
2 37829  64.7646 251.4371 0007315 277.5427 194.4490  2.13102085  2204
COSMOS 2476 (744)       
1 37867U 11064A   12015.11465465  .00000040  00000-0  00000+0 0   640
2 37867  64.7464 251.5311 0015747 267.5047 179.6898  2.13102203  1572
COSMOS 2477 (745)       
1 37868U 11064B   12014.00556035  .00000041  00000-0  00000+0 0   665
2 37868  64.7554 251.5928 0013912 269.4281 227.0491  2.13102108  1504
COSMOS 2475 (743)       
1 37869U 11064C   12014.14996154  .00000041  00000-0  10000-3 0   521
2 37869  64.7608 251.5713 0029156 265.0882 190.7913  2.13499683  1516
COSMOS 2478 (746)       
1 37938U 11071A   12013.95837490  .00000047  00000-0  00000-0 0   455
2 37938  64.8142 131.7842 0011247 235.7868 164.3874  2.13102705  1125
