GOES 1 [-]              
1 08366U 75100A   12013.86352334 -.00000230  00000-0  10000-3 0  8750
2 08366  14.0396 339.7161 0001272 337.8416  22.1888  1.00294861132389
GOES 2 [-]              
1 10061U 77048A   12014.16792792 -.00000170  00000-0  10000-3 0   269
2 10061  14.6863 348.2269 0014526 281.5791  78.2857  0.99402297 71156
GOES 3 [P]              
1 10953U 78062A   12013.95355457 -.00000115  00000-0  10000-3 0  6923
2 10953  14.5621 351.8942 0004999  40.4238 319.6396  1.00265783 76106
GOES 4 [-]              
1 11964U 80074A   12014.00624524  .00000051  00000-0  10000-3 0  2534
2 11964  15.0683 355.5548 0035381 323.3861  36.3971  0.99227711 75365
GOES 5 [-]              
1 12472U 81049A   12014.88880916 -.00000287  00000-0  10000-3 0  1707
2 12472  14.4614   5.8026 0001312  42.5553 317.4800  1.00256512 70158
GOES 6 [-]              
1 14050U 83041A   12013.92760105 -.00000263  00000-0  10000-3 0  1788
2 14050  14.3110  10.7427 0003699  32.0072 328.0455  1.00286988163249
GOES 7 [-]              
1 17561U 87022A   12013.66553532  .00000087  00000-0  10000-3 0  3118
2 17561  13.6609  27.4797 0004936  60.6971  93.6800  1.00299238 74342
GOES 8 [-]              
1 23051U 94022A   12013.79074407 -.00000058  00000-0  10000-3 0  9856
2 23051   7.9791  61.0278 0006235 202.8687 157.1228  0.98906079 72024
GOES 9 [P]              
1 23581U 95025A   12014.05594315 -.00000083  00000-0  10000-3 0  2595
2 23581   7.5249  59.1893 0005368 339.4632  20.5326  0.98799496 60729
GOES 10 [-]             
1 24786U 97019A   12014.27422403  .00000029  00000-0  10000-3 0  1914
2 24786   5.7505  62.2988 0007830 126.4150 233.6562  0.99100544 53853
GOES 11 [+]             
1 26352U 00022A   12009.37027461 -.00000189  00000-0  00000+0 0  6528
2 26352   0.9472 139.0134 0001774 342.3717 238.6260  0.99042832 42795
GOES 12 [B]             
1 26871U 01031A   12014.28371712 -.00000280  00000-0  10000-3 0  4088
2 26871   1.9098  74.6667 0003214 258.4683 182.0082  1.00261100 38446
GOES 13 [+]             
1 29155U 06018A   12013.15593272 -.00000245  00000-0  10000-3 0  9051
2 29155   0.3643  81.1363 0001524 326.5953  45.8087  1.00275126 20689
GOES 14 [S]             
1 35491U 09033A   12014.53619189 -.00000082  00000-0  00000+0 0  2899
2 35491   0.1453 251.4209 0002821 191.2087 118.3672  1.00271535  9361
GOES 15 [S]             
1 36411U 10008A   12014.37936887  .00000091  00000-0  00000+0 0  8979
2 36411   0.0749 263.3028 0002288 267.4360 304.4037  1.00276338  6860
