GORIZONT 25             
1 21922U 92017A   12014.36612796 -.00000296  00000-0  10000-3 0  5845
2 21922  13.2038  32.3844 0028876 330.5292  29.3444  0.99858636 72340
GORIZONT 26             
1 22041U 92043A   12014.20405607  .00000022  00000-0  10000-3 0  2024
2 22041  13.1099  33.8160 0028827 126.2575 234.0560  0.99243347 71212
GORIZONT 27             
1 22245U 92082A   12013.25688128  .00000081  00000-0  10000-3 0  7354
2 22245  13.0229  34.5881 0012563 259.6670 100.2373  1.00199663 74366
GORIZONT 28             
1 22880U 93069A   12015.13043445  .00000065  00000-0  10000-3 0  5766
2 22880  12.6365  37.7982 0034573  22.5971 337.5908  0.99648433 66653
GORIZONT 29             
1 22907U 93072A   12012.66652080  .00000127  00000-0  10000-3 0  9488
2 22907  12.5996  37.7897 0010583 236.2817 123.6659  1.00121411 66433
GORIZONT 30             
1 23108U 94030A   12012.53334606 -.00000295  00000-0  10000-3 0  7557
2 23108  12.4708  38.9312 0001056  24.7891 335.2593  1.00385164 64656
GORIZONT 31             
1 23775U 96005A   12013.34127827 -.00000110  00000-0  10000-3 0  2142
2 23775  11.5471  44.4245 0019784  87.8402 272.4323  0.99901355 58429
GORIZONT 32             
1 23880U 96034A   12012.83390241  .00000117  00000-0  10000-3 0  9251
2 23880  11.4132  45.3087 0008682 246.5392 170.2488  1.00147314 57268
GORIZONT 33             
1 26372U 00029A   12013.31601887  .00000088  00000-0  10000-3 0  9059
2 26372   8.8051  54.1403 0003022 333.9056  26.1144  1.00231777 42593
