INTELSAT 602 (IS-602)   
1 20315U 89087A   12014.46319587  .00000032  00000-0  10000-3 0  4044
2 20315   9.0466  54.3851 0001014 233.6415 169.9135  1.00274264 79167
INTELSAT 603 (IS-603)   
1 20523U 90021A   12011.92211931  .00000075  00000-0  10000-3 0  9757
2 20523   8.5424  55.9712 0001384 241.1422 157.1809  1.00272089 72894
SBS-6                   
1 20872U 90091A   12012.63673495  .00000004  00000-0  10000-3 0  4585
2 20872   4.0485  68.6902 0007014 345.6460  14.2743  0.98989714 66089
INTELSAT 605 (IS-605)   
1 21653U 91055A   12012.68301025  .00000097  00000-0  10000-3 0  1989
2 21653   6.6621  61.6875 0002179 274.6749  85.3084  0.99321566 74630
INTELSAT 601 (IS-601)   
1 21765U 91075A   12014.49596727  .00000060  00000-0  10000-3 0  2869
2 21765   6.6494  60.4311 0003973 245.6196 186.7452  0.99592490 73855
INTELSAT 701 (IS-701)   
1 22871U 93066A   12014.53403005 -.00000134  00000-0  10000-3 0  8309
2 22871   0.1366  79.0691 0003391 215.3728 168.2061  1.00271598 66643
INTELSAT 702 (IS-702)   
1 23124U 94034A   12013.05016755  .00000132  00000-0  00000-0 0  6597
2 23124   0.4847  80.2809 0003314 207.5584 249.6576  1.00273607 78545
INTELSAT 2 (IS-2)       
1 23175U 94040A   12014.28650619  .00000075  00000-0  00000+0 0   330
2 23175   2.7840  75.7762 0008104 272.8989  86.8593  0.99192796 63430
INTELSAT 704 (IS-704)   
1 23461U 95001A   12014.21622885  .00000080  00000-0  10000-3 0  3865
2 23461   2.4006  71.6128 0002677 295.5527  64.2752  0.99178767 62235
INTELSAT 705 (IS-705)   
1 23528U 95013A   12012.53922484 -.00000227  00000-0  00000-0 0  3537
2 23528   1.9660  72.7117 0017020 326.4620  33.1953  0.98974624 61451
INTELSAT 706 (IS-706)   
1 23571U 95023A   12012.83230821 -.00000052  00000-0  10000-3 0  4379
2 23571   0.4185  78.8471 0003122 221.4657 183.0361  1.00272483 60991
INTELSAT 3R (IS-3R)     
1 23764U 96002A   12013.32936155 -.00000018  00000-0  10000-3 0  1671
2 23764   2.1513  71.6235 0011889 164.2872 195.5665  0.99088243 58594
PAKSAT 1 (ANATOLIA 1)   
1 23779U 96006A   12012.78918355  .00000113  00000-0  10000-3 0  7044
2 23779   0.1682  91.8765 0000460 334.8045 357.8648  0.99829447 58354
INTELSAT 707 (IS-707)   
1 23816U 96015A   12013.39090079 -.00000279  00000-0  10000-3 0  3307
2 23816   0.0159   0.4403 0003331 294.5677 264.9731  1.00269227 58002
GALAXY 9 (G-9)          
1 23877U 96033A   12013.41811267 -.00000182  00000-0  10000-3 0  5010
2 23877   3.0629  70.2066 0008581  17.6601 342.2736  0.99545932 57255
INTELSAT 709 (IS-709)   
1 23915U 96035A   12012.83230836 -.00000053  00000-0  10000-3 0  4697
2 23915   0.0131 267.5149 0001802  41.1104 174.8304  1.00272714 57084
INTELSAT 26 (IS-26)     
1 24732U 97007A   12014.04644448  .00000115  00000-0  10000-3 0  1143
2 24732   3.7561  68.1696 0003727 236.3651 235.3811  1.00273989 54509
INTELSAT 801 (IS-801)   
1 24742U 97009A   12013.32706730 -.00000210  00000-0  10000-3 0   538
2 24742   2.9786  70.7698 0002967 199.7888 289.8975  1.00271578 54507
GALAXY 25 (G-25)        
1 24812U 97026A   12014.39352259 -.00000158  00000-0  10000-3 0  3855
2 24812   0.0115  80.3518 0003293 226.7695 214.6986  1.00271123 53646
INTELSAT 802 (IS-802)   
1 24846U 97031A   12013.89772784 -.00000044  00000-0  10000-3 0  3260
2 24846   0.9549  73.1869 0027753 173.8203 112.6905  0.98108372 53252
INTELSAT 5 (IS-5)       
1 24916U 97046A   12013.53825975 -.00000026  00000-0  10000-3 0  2524
2 24916   0.0114  62.4584 0002435 187.4102 225.3225  1.00269386 52807
INTELSAT 805 (IS-805)   
1 25371U 98037A   12013.15220023 -.00000280  00000-0  10000-3 0  8227
2 25371   0.0158  62.2864 0003150 227.9346 181.1159  1.00272103 49739
INTELSAT 7 (IS-7)       
1 25473U 98052A   12012.79264498 -.00000019  00000-0  10000-3 0  3124
2 25473   0.0057  81.8401 0002377 216.1102 167.7133  1.00270893 48818
INTELSAT 8 (IS-8)       
1 25522U 98065A   12013.66444877 -.00000051  00000-0  10000-3 0  1035
2 25522   0.0072 231.9421 0003206  32.3888 253.4126  1.00272484 48397
GALAXY 26 (G-26)        
1 25626U 99005A   12007.18247762  .00000127  00000-0  10000-3 0  9412
2 25626   0.0216  37.9324 0003905 260.6530 283.2712  1.00275295 47242
INSAT-2E (APR-1)        
1 25666U 99016A   12013.96654649 -.00000160  00000-0  10000-3 0  7738
2 25666   0.2263  77.6270 0003527 201.2404 264.9004  1.00274517 46922
GALAXY 27 (G-27)        
1 25922U 99052A   12013.96179023  .00000141  00000-0  10000-3 0  9685
2 25922   0.0193  60.1788 0002654 235.9474 208.0456  1.00273565 45065
GALAXY 11 (G-11)        
1 26038U 99071A   12011.37196203 -.00000278  00000-0  10000-3 0  2468
2 26038   0.0504 231.9303 0001014 101.5896 215.1251  1.00270122 44254
GALAXY 4R (G-4R)        
1 26298U 00020A   12013.49198203 -.00000336  00000-0  10000-3 0  1025
2 26298   4.9220  65.2799 0000999  79.9361 280.0567  0.99841513 43067
INTELSAT 9 (IS-9)       
1 26451U 00043A   12014.28305237 -.00000280  00000-0  10000-3 0  6973
2 26451   0.0052 263.4421 0002328  19.4734 234.1119  1.00269093 42021
INTELSAT 12 (IS-12)     
1 26590U 00068A   12013.96178759  .00000142  00000-0  10000-3 0  7499
2 26590   0.0107 352.6691 0002644 311.6312 199.7737  1.00272748 41084
INTELSAT 1R (IS-1R)     
1 26608U 00072A   12014.04394416 -.00000277  00000-0  10000-3 0  4378
2 26608   0.0238 220.5267 0001273  25.8478 192.3629  1.00269855 40932
INTELSAT 10 (IS-10)     
1 26766U 01019A   12012.79264473 -.00000019  00000-0  10000-3 0  9261
2 26766   0.0260 102.8043 0001189 142.4957 220.2251  1.00272942 39098
INTELSAT 901 (IS-901)   
1 26824U 01024A   12014.15097662 -.00000136  00000-0  10000-3 0  8313
2 26824   0.0086 356.3706 0004979 273.7047 239.3064  1.00270880 38854
INTELSAT 902 (IS-902)   
1 26900U 01039A   12012.81682686  .00000039  00000-0  00000+0 0  8430
2 26900   0.0045 349.6748 0003652 270.6413 207.4648  1.00272722 38014
INTELSAT 904 (IS-904)   
1 27380U 02007A   12013.88190093  .00000054  00000-0  00000+0 0  8902
2 27380   0.0146 346.7180 0003428 300.1747 203.3434  1.00273533 36272
INTELSAT 903 (IS-903)   
1 27403U 02016A   12014.04434817 -.00000233  00000-0  10000-3 0  6196
2 27403   0.0099  31.9689 0003317 259.3435 163.0666  1.00271650 35937
INTELSAT 905 (IS-905)   
1 27438U 02027A   12013.04839903 -.00000178  00000-0  10000-3 0  4466
2 27438   0.0220  63.2390 0002406 218.0836 183.5509  1.00271850 35242
GALAXY 3C (G-3C)        
1 27445U 02030A   12014.39347686 -.00000146  00000-0  10000-3 0  5072
2 27445   0.0226 215.8583 0000375 347.4321 316.5719  1.00271110 35132
INTELSAT 906 (IS-906)   
1 27513U 02041A   12014.04675703  .00000019  00000-0  00000+0 0  6373
2 27513   0.0218 306.9926 0003095 344.4645 262.4304  1.00272957 34307
INTELSAT 907 (IS-907)   
1 27683U 03007A   12014.04453112 -.00000197  00000-0  10000-3 0  1875
2 27683   0.0116  15.6566 0002981 279.5138 166.2680  1.00271072 32666
GALAXY 12 (G-12)        
1 27715U 03013B   12013.42478752  .00000065  00000-0  10000-3 0  5121
2 27715   0.0529 206.8580 0001993  99.6823 189.6752  1.00271052 32177
GALAXY 23 (G-23)        
1 27854U 03034A   12014.09550477  .00000018  00000-0  00000+0 0  4455
2 27854   0.0155  21.6762 0003108 261.9079 102.7691  1.00272724 30946
GALAXY 13 (HORIZONS-1)  
1 27954U 03044A   12013.32454412  .00000054  00000-0  10000-3 0  3245
2 27954   0.0072  67.2703 0000490 135.1085 259.6737  1.00273423 30418
INTELSAT 10-02          
1 28358U 04022A   12013.95649106 -.00000006  00000-0  10000-3 0  2210
2 28358   0.0229 107.0656 0000893 166.8733 182.2512  1.00272021 27803
GALAXY 28 (G-28)        
1 28702U 05022A   12014.40536897 -.00000180  00000-0  10000-3 0  2052
2 28702   0.0337  70.2502 0001373  80.1292  19.7904  1.00270605 24070
GALAXY 14 (G-14)        
1 28790U 05030A   12015.25950472  .00000040  00000-0  10000-3 0  2448
2 28790   0.0196  37.0812 0002412 237.0492 168.3904  1.00271053 23501
GALAXY 15 (G-15)        
1 28884U 05041A   12013.32649413  .00000085  00000-0  10000-3 0  2809
2 28884   0.0093   2.5163 0002479 278.5311 175.7006  1.00272909 22910
GALAXY 16 (G-16)        
1 29236U 06023A   12013.32188286 -.00000121  00000-0  10000-3 0  1146
2 29236   0.0179  56.5439 0002994 226.6603 205.8685  1.00271733 20439
GALAXY 17 (G-17)        
1 31307U 07016B   12014.50507632 -.00000170  00000-0  10000-3 0  8121
2 31307   0.0096  43.4092 0002810 248.5762 272.2135  1.00271385 17252
INTELSAT 11 (IS-11)     
1 32253U 07044B   12013.91484938 -.00000264  00000-0  10000-3 0  6436
2 32253   0.0121 262.9175 0003134  23.8727 112.3213  1.00269724 15700
HORIZONS-2              
1 32388U 07063B   12012.80983010  .00000071  00000-0  00000-0 0  6967
2 32388   0.0302  62.7701 0002119 235.7924 126.0481  1.01528208 15048
GALAXY 18 (G-18)        
1 32951U 08024A   12014.40090998  .00000030  00000-0  10000-3 0  5769
2 32951   0.0285 144.2632 0003289 142.9011 207.4181  1.00272642 13392
INTELSAT 25 (IS-25)     
1 33153U 08034A   12013.04821608 -.00000218  00000-0  10000-3 0  6292
2 33153   0.0276 309.1697 0001734 336.7817 171.8374  1.00269726 12914
INTELSAT 14 (IS-14)     
1 36097U 09064A   12015.04017564 -.00000270  00000-0  00000+0 0  3476
2 36097   0.0152  66.3277 0003985 187.3923 189.6498  1.00270189  7891
INTELSAT 15 (IS-15)     
1 36106U 09067A   12012.66074697 -.00000179  00000-0  10000-3 0  4682
2 36106   0.0137  25.8728 0002767 276.3628 132.3179  1.00270954  7761
INTELSAT 16 (IS-16)     
1 36397U 10006A   12014.28305197 -.00000280  00000-0  10000-3 0  3638
2 36397   0.0101 296.5814 0002862 334.2526 246.1024  1.00269485  7023
