TRANSIT 16              
1 02807U 67048A   12013.93650527  .00000074  00000-0  10000-3 0  6987
2 02807  89.6843 172.7511 0022026  44.4892 315.8025 13.49816374197528
TRANSIT 17              
1 02965U 67092A   12014.51455455  .00000078  00000-0  10000-3 0  9379
2 02965  89.2456  50.7800 0046373 218.8339 140.9481 13.52530887184355
TRANSIT 18              
1 03133U 68012A   12014.28259989  .00000076  00000-0  10000-3 0   423
2 03133  89.9646 283.8403 0076139 120.7434 240.1254 13.50634905159581
NNSS 19                 
1 04507U 70067A   12014.38189865  .00000081  00000-0  10324-3 0  7352
2 04507  89.8382 297.4548 0170710 242.0944 116.2830 13.50260585 36685
NNSS O-20               
1 06909U 73081A   12014.49728775  .00000089  00000-0  80952-4 0  1931
2 06909  89.8576 344.4778 0157804 172.2341 188.1319 13.69912682107928
TRANSAT                 
1 10457U 77106A   12013.94470746  .00000072  00000-0  10000-3 0  3140
2 10457  89.7191 220.4359 0027462  79.7150 280.7094 13.48334061682738
NOVA I                  
1 12458U 81044A   12014.29862000  .00000051  00000-0  10000-3 0  5101
2 12458  90.0431 121.9549 0015712  74.3092 285.9763 13.22767528480253
NOVA 3                  
1 15362U 84110A   12013.97530261  .00000050  00000-0  10000-3 0  3860
2 15362  90.0026  50.1097 0030406 295.1396  64.6588 13.22541041315454
OSCAR 30                
1 15935U 85066A   12014.60016777  .00000089  00000-0  14655-3 0  9182
2 15935  90.0801  29.1358 0170538  12.9282 347.6151 13.35346130286337
OSCAR 24                
1 15936U 85066B   12014.55118497  .00000064  00000-0  10000-3 0  4749
2 15936  90.0665  25.2306 0170680  16.4783 344.1812 13.35237341288442
POLAR BEAR              
1 17070U 86088A   12014.23402584  .00000108  00000-0  10192-3 0  6005
2 17070  89.5232  63.1298 0037873 318.0845  41.7418 13.74431232261893
OSCAR 27                
1 18361U 87080A   12014.20745118  .00000068  00000-0  10000-3 0  9176
2 18361  90.3636 266.1941 0106539   9.5270 350.7866 13.44157730193030
OSCAR 29                
1 18362U 87080B   12014.22321309  .00000068  00000-0  10000-3 0  1746
2 18362  90.3630 266.3565 0108479  21.9228 338.6508 13.43777158192774
OSCAR 23                
1 19070U 88033A   12014.60755930  .00000055  00000-0  10000-3 0  2708
2 19070  90.2815 209.5889 0187980 264.5725  93.3921 13.27181412148706
OSCAR 32                
1 19071U 88033B   12013.92729567  .00000056  00000-0  10000-3 0  7638
2 19071  90.2888 209.6560 0186490 257.6770 100.3437 13.27376389148791
NOVA 11                 
1 19223U 88052A   12015.24036797  .00000050  00000-0  10000-3 0  9345
2 19223  90.0003  91.6490 0030197 334.5096  25.4549 13.22470581138150
OSCAR 25                
1 19419U 88074A   12013.93876472  .00000066  00000-0  10000-3 0  1699
2 19419  89.9475  25.1200 0096603 336.7426  22.9363 13.41892796144995
OSCAR 31                
1 19420U 88074B   12015.05022810  .00000066  00000-0  10000-3 0  8388
2 19420  89.9466  25.0579 0094411 328.0074  31.5360 13.41935598145243
