SIRIUS-1                
1 26390U 00035A   12012.56186570  .00000084  00000-0  00000-0 0  9725
2 26390  60.6754 247.9785 2689026 270.5032  59.2846  1.00279259 42267
SIRIUS-2                
1 26483U 00051A   12012.22120514  .00000052  00000-0  10000-3 0  6046
2 26483  63.9169 127.6396 2711888 268.3162  60.8256  1.00279689 41594
SIRIUS-3                
1 26626U 00077A   12013.89065955 -.00000104  00000-0  00000+0 0  8770
2 26626  64.2095   7.7995 2690119 269.7247  59.7837  1.00279774 40743
XM-2 (ROCK)             
1 26724U 01012A   12015.09873477 -.00000019  00000-0  10000-3 0  1367
2 26724   0.0648 277.6282 0003733  34.9888  81.6254  1.00271394 39747
XM-1 (ROLL)             
1 26761U 01018A   12014.24031259 -.00000018  00000-0  10000-3 0  9473
2 26761   0.0746 231.3092 0003858 356.1793 216.8782  1.00271972 39206
XM-3 (RHYTHM)           
1 28626U 05008A   12015.06161236 -.00000202  00000-0  10000-3 0   913
2 28626   0.0123 167.3986 0000505  60.7665 182.8430  1.00270957 25253
XM-4 (BLUES)            
1 29520U 06049A   12014.24031286 -.00000018  00000-0  10000-3 0  8220
2 29520   0.0211 205.4984 0000248  70.4884 168.4064  1.00268995 19189
