CALSPHERE 1             
1 00900U 64063C   12014.42161400  .00000363  00000-0  39531-3 0  5884
2 00900  90.1438 342.0196 0026784 299.6749  60.1768 13.71034806348404
CALSPHERE 2             
1 00902U 64063E   12013.91768872  .00000075  00000-0  10000-3 0  6134
2 00902  90.1410 344.6075 0019892  41.3883 318.8767 13.52508787144525
LCS 1                   
1 01361U 65034C   12014.48568071  .00000009  00000-0  10000-3 0  3320
2 01361  32.1401  84.1955 0009083 105.9374 254.2122  9.89281904688577
TEMPSAT 1               
1 01512U 65065E   12014.25237359  .00000058  00000-0  10000-3 0  6573
2 01512  89.7910 281.7098 0068397 280.0290  79.3137 13.33292522258023
CALSPHERE 4(A)          
1 01520U 65065H   12014.71561597  .00000060  00000-0  10000-3 0  8291
2 01520  90.1654  99.3161 0070106 192.6369 167.3021 13.35416877259904
OPS 5712 (P/L 160)      
1 02826U 67053A   12014.55486644  .00001509  00000-0  49676-3 0  5108
2 02826  69.9317 161.8302 0009403 278.2185  81.7876 14.40046594302701
OPS 5712 (P/L 153)      
1 02874U 67053H   12014.53175225  .00000039  00000-0  67477-4 0  9593
2 02874  69.9699 237.1772 0009103 205.6885 154.3773 13.96008326271915
SURCAL 150B             
1 02909U 67053J   12015.22580376  .00002200  00000-0  59797-3 0  7018
2 02909  69.9540 307.7669 0001251 268.8873  91.2118 14.48804254309266
RIGIDSPHERE 2 (LCS 4)   
1 05398U 71067E   12014.60130146  .00000448  00000-0  15809-3 0  3676
2 05398  87.6248 351.2189 0064360 326.1407  33.5685 14.31652145119220
RADCAT                  
1 06212U 72076A   12014.40875246  .00040377  00000-0  66285-3 0  5196
2 06212  98.5716 187.2945 0001782 316.7699  43.3115 15.52322980267160
