LANDSAT 5               
1 14780U 84021A   12015.20060649  .00000108  00000-0  33820-4 0  5851
2 14780  98.1658  83.7897 0003716  56.5318 303.6247 14.57142623482561
SPOT 2                  
1 20436U 90005A   12015.10199646  .00000669  00000-0  12191-3 0   106
2 20436  98.6559 141.0801 0152671 271.8472  86.5238 14.62696089143187
ERS-2                   
1 23560U 95021A   12015.15783759  .00003723  00000-0  28802-3 0  1649
2 23560  98.5047 110.3314 0004405 103.0476 345.6027 15.02190414876238
RADARSAT-1              
1 23710U 95059A   12015.23920144  .00000137  00000-0  69904-4 0  1721
2 23710  98.5807  23.7688 0001017  92.7972 328.3515 14.29985151845448
TOMS EP                 
1 23940U 96037A   12014.18174637  .00000349  00000-0  94981-4 0  8437
2 23940  97.9206 214.5080 0028887 321.2149  38.6972 14.52705684826012
MIDORI (ADEOS)          
1 24277U 96046A   12014.87812225  .00000102  00000-0  57356-4 0  8431
2 24277  98.4936 323.0329 0001828  39.6672 320.4643 14.28738134803382
ORBVIEW 2 (SEASTAR)     
1 24883U 97037A   12014.43139185  .00000165  00000-0  76543-4 0  6283
2 24883  98.3983 137.5973 0001942 194.1842 165.9292 14.32386910768245
IRS-1D                  
1 24971U 97057A   12015.13288881  .00000127  00000-0  60151-4 0  2326
2 24971  98.1890  16.6484 0054090   3.6108 356.5457 14.33139397747731
TRMM                    
1 25063U 97074A   12014.01897616  .00014402  00000-0  20220-3 0  8730
2 25063  34.9618 235.4606 0000761 248.6779 111.3827 15.55801328806737
SPOT 4                  
1 25260U 98017A   12015.17507631  .00000089  00000-0  61970-4 0   567
2 25260  98.5854  81.3973 0001445  72.0423 288.0922 14.20088933716024
FASAT B                 
1 25395U 98043B   12014.54285317  .00000086  00000-0  54774-4 0  2337
2 25395  98.3095   9.9073 0002884 344.4856  15.6235 14.24512828702451
TECHSAT 1B (GO-32)      
1 25397U 98043D   12014.45398439 -.00000151  00000-0 -48881-4 0  6789
2 25397  98.3471   0.9232 0001816  46.0630 314.0694 14.23251364702019
LANDSAT 7               
1 25682U 99020A   12015.17135549  .00000148  00000-0  42909-4 0  7244
2 25682  98.2172  85.6014 0000234  57.5294 302.5951 14.57113525678256
KITSAT 3                
1 25756U 99029A   12015.19261048  .00000075  00000-0  29907-4 0  7131
2 25756  98.5670 249.1819 0013823 181.3670 178.7483 14.52754800669914
DLR-TUBSAT              
1 25757U 99029B   12015.19083494 -.00000008  00000-0  99958-5 0  7084
2 25757  98.6115 241.1689 0013735 220.0344 139.9833 14.50944173669301
IRS-P4 (OCEANSAT 1)     
1 25758U 99029C   12014.35201240  .00000223  00000-0  67360-4 0  9512
2 25758  98.2591 108.3947 0000562 229.6159 130.4985 14.51059971669331
QUIKSCAT                
1 25789U 99034A   12014.60448774  .00000056  00000-0  41066-4 0  2001
2 25789  98.6209 205.9111 0001265  64.8380 295.2924 14.26884867654708
IKONOS 2                
1 25919U 99051A   12015.07887493  .00000163  00000-0  39774-4 0  2699
2 25919  98.1134  91.6483 0001294  84.5993 275.5367 14.64445254657911
CBERS 1 (ZY 1A)         
1 25940U 99057A   12014.91108927  .00000063  00000-0  36799-4 0   780
2 25940  98.2419 346.5556 0005655 137.2715 222.8911 14.34644676641827
TERRA                   
1 25994U 99068A   12015.11884698  .00000266  00000-0  69003-4 0  6325
2 25994  98.2104  91.3875 0001291  95.5583 264.5776 14.57122751642325
ARIRANG 1 (KOMPSAT-1)   
1 26032U 99070A   12015.13355985  .00000471  00000-0  93698-4 0  6477
2 26032  97.7928 230.0129 0006015 117.3172 242.8628 14.66181573645478
EO-1                    
1 26619U 00075A   12015.06478638  .00000539  00000-0  11552-3 0  9867
2 26619  98.0987  83.1075 0009196 230.5917 129.4509 14.62495580593903
SAC-C                   
1 26620U 00075B   12014.57059411  .00000264  00000-0  68410-4 0  5023
2 26620  97.8803  11.4720 0000765  70.3162 289.8135 14.56782572592712
EROS A1                 
1 26631U 00079A   12015.15385885  .00004747  00000-0  28824-3 0  7881
2 26631  97.6261  85.7021 0007168  22.6772  61.0125 15.10971315617194
QUICKBIRD 2             
1 26953U 01047A   12015.13293383  .00006238  00000-0  19663-3 0  1212
2 26953  97.2421  82.6460 0001991  72.9811  11.1452 15.33236501575309
TES                     
1 26957U 01049A   12015.15737811  .00002799  00000-0  22327-3 0   789
2 26957  97.6294  91.6250 0034578 250.3765 109.3717 15.00672390560503
JASON 1                 
1 26997U 01055A   12014.18713621 -.00000038  00000-0  10000-3 0  4464
2 26997  66.0419 276.1072 0007034 268.1158  91.9058 12.80931695472561
METEOR-3M               
1 27001U 01056A   12013.96685477 -.00000016  00000-0  29589-4 0   234
2 27001  99.1902 202.5242 0014086 106.4782 253.7918 13.68731434504213
BADR-B                  
1 27003U 01056C   12015.20444432  .00000005  00000-0  52428-4 0  9873
2 27003  99.1572 210.1454 0020817  99.6012 260.7490 13.70127629504958
MAROC-TUBSAT            
1 27004U 01056D   12015.23504127  .00000024  00000-0  74373-4 0  8340
2 27004  99.1560 209.2844 0020285  99.7726 260.5711 13.70049046504927
ENVISAT                 
1 27386U 02009A   12015.14251550 -.00000150  00000-0 -35519-4 0  9062
2 27386  98.4817  85.7134 0000995  90.9833 269.1452 14.37492342516569
SPOT 5                  
1 27421U 02021A   12015.23725538  .00000149  00000-0  90108-4 0  9766
2 27421  98.6714  89.9409 0000973 110.2094 322.7345 14.20058072502864
AQUA                    
1 27424U 02022A   12014.52019903  .00000404  00000-0  99793-4 0  1825
2 27424  98.2201 317.1702 0001266  87.7642 272.3689 14.57114004515840
HAIYANG-1A              
1 27430U 02024A   12015.20887324  .00000123  00000-0  63759-4 0  8345
2 27430  98.3526  65.0004 0008831 172.8997 187.2312 14.29971376504685
ALSAT 1                 
1 27559U 02054A   12015.06207107  .00000467  00000-0  85955-4 0  2964
2 27559  97.8099 231.5131 0022302 227.2355 132.6971 14.69795877488049
MIDORI II (ADEOS-II)    
1 27597U 02056A   12014.54262863  .00000161  00000-0  84295-4 0  6309
2 27597  98.3474  56.9527 0001768  55.6921 304.4428 14.26369779472979
IRS-P6 (RESOURCESAT-1)  
1 28051U 03046A   12015.15593063  .00000103  00000-0  66453-4 0  5493
2 28051  98.6173  89.2305 0001312 309.0237  51.0841 14.21669766427954
CBERS 2 (ZY 1B)         
1 28057U 03049A   12015.11278417  .00000120  00000-0  56382-4 0    13
2 28057  98.1694  37.5236 0002594  64.6223 295.5236 14.35070657431480
TANSUO 1                
1 28220U 04012A   12014.10440643  .00001622  00000-0  17291-3 0   738
2 28220  97.4521  12.6967 0010979 309.7253  50.2998 14.90118559420439
FORMOSAT-2 (ROCSAT 2)   
1 28254U 04018A   12015.21283595  .00000020  00000-0  42543-4 0  6146
2 28254  98.9903  81.2909 0001988 156.0031 294.0331 14.00778358391404
AURA                    
1 28376U 04026A   12014.18230837  .00000435  00000-0  10649-3 0  3391
2 28376  98.2214 318.9819 0001144  94.1189 266.0137 14.57127437398843
PARASOL                 
1 28498U 04049G   12014.15734058  .00000413  00000-0  95698-4 0  2137
2 28498  98.3901 333.8757 0000876  76.4558 283.6733 14.60192253376220
IRS-P5 (CARTOSAT-1)     
1 28649U 05017A   12015.14287560  .00000004  00000-0  69623-5 0  5366
2 28649  97.8567  90.3908 0000899  63.6348 296.5046 14.82651704362436
TOPSAT                  
1 28891U 05043B   12015.12769894  .00000217  00000-0  54378-4 0  9356
2 28891  97.9217 245.6936 0015960 276.0474  83.8910 14.60047133331297
SINAH 1                 
1 28893U 05043D   12014.22953314  .00000197  00000-0  49911-4 0  2762
2 28893  97.9294 246.7985 0014582 277.9278  82.0268 14.60304838331230
ALOS (DAICHI)           
1 28931U 06002A   12015.15783497  .00000454  00000-0  10467-3 0  6715
2 28931  98.0952  88.1145 0002145  82.6620 277.4847 14.59735500318304
EROS B                  
1 29079U 06014A   12015.13371685  .00007942  00000-0  39719-3 0  4316
2 29079  97.4347 135.3424 0005324 336.9806 146.0337 15.17684898317488
RSS-1 (YAOGAN 1)        
1 29092U 06015A   12014.56561680  .00000355  00000-0  52831-4 0  9872
2 29092  97.9131   6.3583 0001286  83.6295 276.5062 14.80722056309048
RESURS-DK 1             
1 29228U 06021A   12015.13239723  .00000560  00000-0  53534-4 0  2630
2 29228  69.9374  85.3222 0003797 176.9884 266.6032 14.99250168311010
ARIRANG 2 (KOMPSAT-2)   
1 29268U 06031A   12015.06706888  .00000364  00000-0  82842-4 0   766
2 29268  98.2794 266.1919 0016427 101.1145 259.1910 14.61639248291671
LAPAN-TUBSAT            
1 29709U 07001A   12015.11094289  .00000246  00000-0  38540-4 0  5697
2 29709  97.6810  53.0827 0014710  93.1144 267.1761 14.80571475270832
CARTOSAT-2 (IRS-P7)     
1 29710U 07001B   12015.11796063  .00000097  00000-0  20246-4 0  5461
2 29710  97.9280  76.8693 0001762  90.4352 269.7080 14.78656437270589
HAIYANG-1B              
1 31113U 07010A   12015.06634499  .00000142  00000-0  72012-4 0  2937
2 31113  98.4336  80.0910 0013978 168.5817 191.5689 14.29639642248500
COSMO-SKYMED 1          
1 31598U 07023A   12015.09631101  .00000582  00000-0  79552-4 0  1177
2 31598  97.8650 202.8003 0001107  85.6903 274.4415 14.82167455249148
TERRASAR-X              
1 31698U 07026A   12014.92041792  .00001713  00000-0  84750-4 0  4629
2 31698  97.4467  23.8610 0001456  89.6704   4.0581 15.19148652254243
WORLDVIEW-1 (WV-1)      
1 32060U 07041A   12015.12781266  .00002658  00000-0  11083-3 0  8205
2 32060  97.3463  94.6971 0002193  97.9162 355.1361 15.24553392240593
CBERS 2B                
1 32062U 07042A   12015.10784839  .00000095  00000-0  44503-4 0  4736
2 32062  98.3974  91.0000 0032853  21.9080 338.3508 14.38756209226832
YAOGAN 3                
1 32289U 07055A   12015.15106373  .00000703  00000-0  98174-4 0  6312
2 32289  97.8699   8.0514 0001228  64.5194 295.6145 14.80659642225662
COSMO-SKYMED 2          
1 32376U 07059A   12015.13008197 -.00000085  00000-0 -41723-5 0  5285
2 32376  97.8650 202.8345 0001145  81.8602 278.2729 14.82164571221896
RADARSAT-2              
1 32382U 07061A   12015.23175926  .00000032  00000-0  29270-4 0  5205
2 32382  98.5780  24.4599 0001009  91.5548 101.2604 14.29985357213320
CARTOSAT-2A             
1 32783U 08021A   12015.16484135  .00000392  00000-0  60455-4 0  1197
2 32783  97.9302  77.4464 0014082 240.3365 119.6444 14.78690110200531
IMS-1                   
1 32786U 08021D   12015.11245366  .00000956  00000-0  13262-3 0  6011
2 32786  97.8259  76.7383 0011974 209.9175 150.1341 14.80115620200710
JASON 2 (OSTM)          
1 33105U 08032A   12014.45727387 -.00000050  00000-0  46041-4 0  1780
2 33105  66.0428 275.8172 0007464 271.3857  88.6307 12.80929853166907
RAPIDEYE 2              
1 33312U 08040A   12015.09928456  .00000473  00000-0  69432-4 0  7839
2 33312  97.9274 105.8212 0011114 306.1539  53.8635 14.79955052182510
RAPIDEYE 5              
1 33313U 08040B   12015.12457318 -.00008323  00000-0 -10958-2 0  7727
2 33313  97.9227 105.0776 0018671 166.0808 194.1115 14.79843083182469
RAPIDEYE 1              
1 33314U 08040C   12015.04491165  .00000432  00000-0  63943-4 0  8194
2 33314  97.9265 105.8236 0023636 315.1245  44.8036 14.79950155182495
RAPIDEYE 3              
1 33315U 08040D   12015.08341519  .00000209  00000-0  34655-4 0  7500
2 33315  97.9216 105.0128 0011168 240.8556 119.1558 14.79854593182461
RAPIDEYE 4              
1 33316U 08040E   12015.13708193  .00007336  00000-0  97797-3 0  7448
2 33316  97.9218 104.8994 0012300 181.0467 179.0892 14.79862663182461
HJ-1A                   
1 33320U 08041A   12015.22003773  .00000414  00000-0  67362-4 0  7082
2 33320  97.8836  87.9471 0023362 290.8519  69.0215 14.75927103180797
HJ-1B                   
1 33321U 08041B   12015.11548447  .00000784  00000-0  11998-3 0  7648
2 33321  97.8866  88.0554 0041676 303.6389  56.0849 14.75967792180765
GEOEYE 1                
1 33331U 08042A   12015.11242237  .00000172  00000-0  41518-4 0  7269
2 33331  98.1110  90.4576 0010022   3.8647 356.2651 14.64432281179335
THEOS                   
1 33396U 08049A   12015.22048262 -.00000023  00000-0  97211-5 0  5122
2 33396  98.7163  84.5853 0001071  89.9356   1.9466 14.20043775170470
COSMO-SKYMED 3          
1 33412U 08054A   12015.11739868 -.00000015  00000-0  46145-5 0  5552
2 33412  97.8650 202.8224 0001263  77.9723 282.1658 14.82153561174355
YAOGAN 4                
1 33446U 08061A   12015.16337177  .00000163  00000-0  31884-4 0  4677
2 33446  97.8095  84.1458 0016450 234.7826 125.1888 14.74450335168057
YAOGAN 5                
1 33456U 08064A   12015.15575419  .00007421  00000-0  23355-3 0  4669
2 33456  97.2752  88.7722 0009057 295.5140 148.2896 15.33192628171845
YAOGAN 6                
1 34839U 09021A   12015.14140884  .00005186  00000-0  22612-3 0   692
2 34839  97.5514 103.2456 0002835  67.6863  21.8875 15.22617786151514
RAZAKSAT                
1 35578U 09037A   12015.08830230  .00000875  00000-0  58940-4 0  7729
2 35578   8.9865 184.9745 0017468 316.6192  43.2707 14.65281590134381
DEIMOS-1                
1 35681U 09041A   12015.16504026  .00000290  00000-0  56983-4 0  7343
2 35681  98.0487 276.4417 0001105 109.2472 250.8868 14.69644903132115
OCEANSAT 2              
1 35931U 09051A   12015.03461412  .00006034  00000-0  15388-2 0  5970
2 35931  98.2774 113.1592 0001891 131.9455 228.1633 14.50901570122348
WORLDVIEW-2             
1 35946U 09055A   12015.23174766  .00000098  00000-0  47277-4 0  5210
2 35946  98.4948  96.5746 0000804 177.5045 182.6157 14.37612540119014
SMOS                    
1 36036U 09059A   12014.16401389 -.00000043  00000-0  00000+0 0  6793
2 36036  98.4398 203.0603 0000775  78.9748 281.1528 14.39749719115566
YAOGAN 7                
1 36110U 09069A   12015.08881120 -.00000214  00000-0 -24352-4 0  3344
2 36110  97.9405 151.1227 0026042 342.5156  17.5143 14.74457658113036
TANDEM-X                
1 36605U 10030A   12014.92041792  .00001671  00000-0  82743-4 0   899
2 36605  97.4466  23.8612 0001451  89.7755   3.9529 15.19148595 86978
YAOGAN 10               
1 36834U 10038A   12015.05395180  .00000430  00000-0  62627-4 0  5929
2 36834  97.8312  18.6533 0001847  64.3094 295.8311 14.80630985 77409
COSMO-SKYMED 4          
1 37216U 10060A   12015.14695133  .00000669  00000-0  90512-4 0  3500
2 37216  97.8655 202.8514 0001163  84.4570 275.6795 14.82159977 64444
SAC-D                   
1 37673U 11024A   12014.60070533 -.00000049  00000-0  00000+0 0  1979
2 37673  98.0095  23.4720 0001161  83.6810 276.4560 14.72307632 32079
RASAT                   
1 37791U 11044D   12015.05830190  .00000257  00000-0  59184-4 0  4802
2 37791  98.2453  93.7031 0021781 216.8132 143.1571 14.63335093 22042
MEGHA-TROPIQUES         
1 37838U 11058A   12014.91292147  .00000264  00000-0  00000+0 0   708
2 37838  19.9794 215.0045 0009789 300.0445  59.9007 14.09688635 13358
SRMSAT                  
1 37841U 11058D   12013.83048406  .00000264  00000-0  00000+0 0   686
2 37841  19.9720 221.2203 0012438 283.6817  76.2228 14.10107822 13230
