SARSAT 7 (NOAA 15)      
1 25338U 98030A   12014.23746255 -.00000083  00000-0 -16805-4 0  1004
2 25338  98.6767   2.7266 0010358 194.8977 165.1892 14.25017680710780
GOES 11                 
1 26352U 00022A   12009.37027461 -.00000189  00000-0  00000+0 0  6528
2 26352   0.9472 139.0134 0001774 342.3717 238.6260  0.99042832 42795
SARSAT 8 (NOAA 16)      
1 26536U 00055A   12014.28562506  .00000217  00000-0  14199-3 0  5841
2 26536  99.1158  53.8639 0011029 156.7619 203.4039 14.12696970583168
GPS BIIR-07 (DASS)      
1 26690U 01004A   12013.74163978  .00000045  00000-0  10000-3 0  3324
2 26690  53.3362 240.6376 0129278 234.8034 124.0519  2.00564855 80294
GOES 12                 
1 26871U 01031A   12014.28371712 -.00000280  00000-0  10000-3 0  4088
2 26871   1.9098  74.6667 0003214 258.4683 182.0082  1.00261100 38446
SARSAT 9 (NOAA 17)      
1 27453U 02032A   12014.41431497  .00000214  00000-0  11009-3 0  5626
2 27453  98.3538  49.1451 0010858 248.9260 111.0760 14.24382793496723
MSG-1                   
1 27509U 02040B   12011.11728462  .00000069  00000-0  00000+0 0  8392
2 27509   1.0301  55.2743 0003388 112.1488 354.0264  1.00271183 34401
GPS BIIR-08 (DASS)      
1 27663U 03005A   12014.11361790 -.00000025  00000-0  10000-3 0  7538
2 27663  56.0943  62.2243 0062813 353.4678   6.5223  2.00574147 65658
INSAT 3A                
1 27714U 03013A   12013.97051384 -.00000253  00000-0  10000-3 0  9289
2 27714   0.0674  82.8821 0006885 205.4627 267.3687  1.00272054 32131
GPS BIIR-11 (DASS)      
1 28190U 04009A   12014.23564643  .00000028  00000-0  10000-3 0  2160
2 28190  54.9873 124.9424 0077247   6.5378 353.5606  2.00556646 57329
GPS BIIR-12 (DASS)      
1 28361U 04023A   12013.02784528 -.00000044  00000-0  10000-3 0   323
2 28361  55.1077 300.7386 0075769 188.7669 171.1392  2.00561616 55385
GPS BIIR-13 (DASS)      
1 28474U 04045A   12013.51959278  .00000086  00000-0  10000-3 0  9203
2 28474  53.7890 178.9973 0108543 195.7361 163.9062  2.00569192 52756
SARSAT 10 (NOAA 18)     
1 28654U 05018A   12014.40657967  .00000068  00000-0  62569-4 0   381
2 28654  99.0270 331.3809 0013760 228.9926 131.0055 14.11590622342720
GPS IIR-14M (DASS)      
1 28874U 05038A   12013.87066597  .00000027  00000-0  10000-3 0  1827
2 28874  55.1365 121.8961 0071169 225.1058 134.3183  2.00570170 46185
MSG-2                   
1 28912U 05049B   12011.87884012  .00000002  00000-0  00000+0 0   164
2 28912   0.3625 348.1958 0001276  54.8980  23.8319  1.00276755 22269
GOES 13                 
1 29155U 06018A   12013.15593272 -.00000245  00000-0  10000-3 0  9051
2 29155   0.3643  81.1363 0001524 326.5953  45.8087  1.00275126 20689
SARSAT 11 (METOP-A)     
1 29499U 06044A   12014.48332359  .00000228  00000-0  12445-3 0  6293
2 29499  98.7229  75.7484 0002131 113.7785 246.3614 14.21471890271740
GPS IIR-16M (DASS)      
1 29601U 06052A   12014.42588789 -.00000028  00000-0  10000-3 0  5968
2 29601  56.0417  61.1756 0038260 351.9956   8.0116  2.00573137 37808
GPS IIR-17M (DASS)      
1 32260U 07047A   12014.24344953 -.00000049  00000-0  00000+0 0  3013
2 32260  54.2675 298.7597 0041740 355.9200   4.0831  2.00555467 31195
GPS IIR-18M (DASS)      
1 32384U 07062A   12013.55902596  .00000029  00000-0  10000-3 0  3352
2 32384  55.1601 122.3942 0023275 288.4346  71.3236  2.00564780 29901
SARSAT 12 (NOAA 19)     
1 33591U 09005A   12014.52165542  .00000375  00000-0  23167-3 0  2274
2 33591  98.8509 316.3513 0014803  98.1786 262.1033 14.11280781151196
GOES 14                 
1 35491U 09033A   12014.53619189 -.00000082  00000-0  00000+0 0  2899
2 35491   0.1453 251.4209 0002821 191.2087 118.3672  1.00271535  9361
COSPAS C11 (STERKH 1)   
1 35636U 09039B   12015.07164471  .00000111  00000-0  78162-4 0  2043
2 35636  82.9540  58.8213 0019276 195.7065 164.3510 13.89513510126070
COSPAS C12 (STERKH 2)   
1 35866U 09049B   12015.15340629  .00000085  00000-0  57662-4 0   768
2 35866  98.6773  72.9217 0003755 125.0203 235.1320 14.22431421120756
GOES 15                 
1 36411U 10008A   12014.37936887  .00000091  00000-0  00000+0 0  8979
2 36411   0.0749 263.3028 0002288 267.4360 304.4037  1.00276338  6860
ELEKTRO-L 1             
1 37344U 11001A   12014.01725704 -.00000092  00000-0  10000-3 0  2605
2 37344   0.0278 235.0636 0000520 232.9844  87.1188  1.00271683  3659
GLONASS-K 1             
1 37372U 11009A   12014.53659675  .00000043  00000-0  10000-3 0  2654
2 37372  64.7949 131.5861 0005092 228.2799  86.6109  2.13109708  6842
