ALOUETTE 1 (S-27)       
1 00424U 62049A   12014.23368038  .00000079  00000-0  80492-4 0  8253
2 00424  80.4654  65.2763 0023806 139.4787 220.8137 13.68803223460432
IUE                     
1 10637U 78012A   12012.38934150 -.00000303  00000-0  10000-3 0  7601
2 10637  43.7974   2.9238 1489340 171.4157 191.5038  1.00063979 76850
IRAS                    
1 13777U 83004A   12014.87477788 -.00000220  00000-0 -11928-3 0  7598
2 13777  99.0302 212.9583 0019283 121.6500 238.6550 14.00141037149372
AKEBONO (EXOS-D)        
1 19822U 89016A   12014.97323635  .00017549  37772-6  50499-3 0   698
2 19822  75.0830 175.3548 2542366 312.3975  28.7567 10.33026927690708
INTERCOSMOS 24          
1 20261U 89080A   12014.51430809  .00000351  00000-0  10351-3 0  6599
2 20261  82.5872 211.4899 1213628 337.7752  17.4689 12.53829798 17520
COBE                    
1 20322U 89089A   12014.11847372 -.00000256  00000-0 -13282-3 0  6669
2 20322  99.0024  22.9620 0009319  27.7226 332.4438 14.04469186135249
HST                     
1 20580U 90037B   12013.33966485  .00001544  00000-0  10224-3 0  9238
2 20580  28.4703  83.0867 0003380 194.0907 166.1770 15.02090662991274
CRRES                   
1 20712U 90065A   12014.61856525  .00000790  00000-0  73286-3 0  3830
2 20712  18.0738  39.1645 7129912  75.4949 348.4525  2.43370924179987
SARA                    
1 21578U 91050E   12013.96260930  .00000581  00000-0  15783-3 0  3535
2 21578  98.3514 345.9110 0002451 153.4380 206.6936 14.51129797 80819
SAMPEX                  
1 22012U 92038A   12014.89366128  .00031667  00000-0  43042-3 0  7380
2 22012  81.6406 302.5569 0028671 173.7396 186.4218 15.56926696 79667
ORBVIEW 1 (MICROLAB)    
1 23547U 95017C   12013.88221097  .00000557  00000-0  14033-3 0  7738
2 23547  69.9776 146.3922 0011410 343.2313  16.8446 14.56243425889516
RXTE (XTE)              
1 23757U 95074A   12014.70949682  .00005128  00000-0  14074-3 0  5566
2 23757  22.9898 149.9559 0007164 291.3305  68.6356 15.32995445890049
POLAR                   
1 23802U 96013A   12014.85656389  .00000062  00000-0  10000-3 0  1941
2 23802  82.7126 311.3864 6397398  42.6064 352.1637  1.29845792 76463
FAST                    
1 24285U 96049A   12014.38876177  .00004433  00000-0  38500-3 0  3755
2 24285  82.9765 304.1188 1974472 172.2147 191.5121 11.31475332624656
TRACE                   
1 25280U 98020A   12015.19620730  .00002206  00000-0  17751-3 0   976
2 25280  97.6058 221.1374 0024431 308.5118  51.3913 15.00773289752204
SAFIR 2                 
1 25399U 98043F   12015.03988202 -.00000095  00000-0 -23700-4 0  1166
2 25399  98.3176   8.7265 0001202 339.0632  21.0509 14.24059550702396
SWAS                    
1 25560U 98071A   12014.54644588  .00000543  00000-0  68528-4 0  7808
2 25560  69.8994 181.7300 0011458 273.5784  86.4040 14.87951784710329
ASTRID 2                
1 25568U 98072B   12015.24294930  .00000097  00000-0  90652-4 0  8849
2 25568  82.9466   5.7217 0024350 323.8279  36.1224 13.72105925655844
ORSTED                  
1 25635U 99008B   12014.55605532  .00000316  00000-0  85002-4 0  4080
2 25635  96.4520 357.9568 0144078  76.7552 284.9683 14.46221338679778
SUNSAT (SO-35)          
1 25636U 99008C   12015.00079765  .00000127  00000-0  40345-4 0  1106
2 25636  96.4587 348.6888 0148607 119.1422 242.4738 14.43689494678973
ABRIXAS                 
1 25721U 99022A   12015.04609879  .00004449  00000-0  19208-3 0  3124
2 25721  48.4529 223.6050 0017593 190.0552 170.0030 15.24224492703866
TERRIERS                
1 25735U 99026A   12015.21804449  .00002545  00000-0  10035-3 0  4925
2 25735  97.1047 221.5988 0006277 332.4973  27.5933 15.26414346702419
FUSE 1                  
1 25791U 99035A   12014.90471344  .00000348  00000-0  50226-4 0  1626
2 25791  24.9855 314.3563 0010419  91.1044 269.0652 14.41976049662456
CXO                     
1 25867U 99040B   12012.91666667 -.00000794  00000-0  00000+0 0  6888
2 25867  71.0930  16.4102 8732633 277.7086   1.3538  0.37799906  8562
CLEMENTINE              
1 25978U 99064B   12014.88038752  .00001508  00000-0  17464-3 0  4970
2 25978  98.1124 122.9866 0009498 304.1196  55.9116 14.87030447655759
XMM-NEWTON              
1 25989U 99066A   12014.33333333  .00000251  00000-0  10000-3 0  1359
2 25989  62.6872  82.1198 6638749  98.5797 356.3516  0.50134986 10953
TERRA                   
1 25994U 99068A   12015.11884698  .00000266  00000-0  69003-4 0  6325
2 25994  98.2104  91.3875 0001291  95.5583 264.5776 14.57122751642325
ACRIMSAT                
1 26033U 99070B   12014.12876237  .00000139  00000-0  37347-4 0  4483
2 26033  97.8483 230.1990 0029512 115.8830 244.5410 14.60842573642905
IMAGE                   
1 26113U 00017A   12012.49237679  .00000083  00000-0  10000-3 0  1766
2 26113  93.0996 223.2008 7642812 177.3034 193.1368  1.68634368 72660
CLUSTER II-FM6 (SALSA)  
1 26410U 00041A   12013.25000000  .00002232  00000-0  00000-0 0  7483
2 26410 140.7332 275.1009 8589986  93.5090 358.6793  0.44217953  8732
CLUSTER II-FM7 (SAMBA)  
1 26411U 00041B   12013.25000000  .00002231  00000-0  00000-0 0  7461
2 26411 140.7464 275.1468 8590158  93.5444 358.6733  0.44217920  8811
CLUSTER II-FM5 (RUMBA)  
1 26463U 00045A   12013.25000000  .00002318  00000-0  00000-0 0  7367
2 26463 142.9325 270.6388 8489288  89.4778 358.6944  0.44218181  9314
CLUSTER II-FM8 (TANGO)  
1 26464U 00045B   12015.50000000  .00002750  00000-0  00000+0 0  7222
2 26464 141.4833 265.7315 8916075  85.5058 355.2060  0.44221618  8708
MEGSAT-1                
1 26546U 00057B   12014.23387397  .00000880  00000-0  11878-3 0  4792
2 26546  64.5580  33.0690 0032868 313.7049  46.1324 14.85265445611875
HETE-2                  
1 26561U 00061A   12013.25515574  .00002995  00000-0  17926-3 0  7168
2 26561   1.9522 104.6463 0022237 226.3299 133.4925 14.97782657616178
MUNIN                   
1 26621U 00075C   12014.33867335  .00000002  00000-0  83869-5 0  2876
2 26621  95.4215 301.0320 0717137 134.8255 231.3504 13.03805058530344
ODIN                    
1 26702U 01007A   12014.89724375  .00001017  00000-0  92508-4 0  5216
2 26702  97.6585  33.0311 0003009 178.2206 181.9031 14.97350688594268
TIMED                   
1 26998U 01055B   12014.20234642  .00000780  00000-0  96167-4 0   816
2 26998  74.0751 288.4275 0001663 186.8119 173.3054 14.84760699547133
RHESSI                  
1 27370U 02004A   12015.19071563  .00003405  00000-0  24110-3 0  7560
2 27370  38.0392  23.8627 0014071  68.3952 291.8297 15.05221128545515
INTEGRAL                
1 27540U 02048A   12014.25000000  .00000543  00000-0  10000-3 0  1164
2 27540  71.0883 299.2920 8925113 250.0377 355.2397  0.33421423  7444
FEDSAT                  
1 27598U 02056B   12015.22327805  .00000037  00000-0  31202-4 0  5754
2 27598  98.2661  37.3596 0008983 339.6884  20.3940 14.28127380473690
WEOS                    
1 27599U 02056C   12015.17919209  .00000047  00000-0  34749-4 0  5732
2 27599  98.2734  45.5084 0009835 349.5282  10.5703 14.28720229473862
MICRO LABSAT            
1 27600U 02056D   12015.15091979  .00000034  00000-0  29729-4 0  5444
2 27600  98.2667  44.7935 0010991 350.8196   9.2783 14.28995134473963
CORIOLIS                
1 27640U 03001A   12014.03779337 -.00000090  00000-0 -22358-4 0  7724
2 27640  98.7547  22.7034 0013479 234.6837 125.3065 14.18478524467032
CHIPSAT                 
1 27643U 03002B   12015.12888083  .00001043  00000-0  87608-4 0  9388
2 27643  94.0214  74.1232 0011123 350.0836  10.0154 14.98856266491949
SORCE                   
1 27651U 03004A   12013.84675331  .00000654  00000-0  93986-4 0  6948
2 27651  39.9951 162.3039 0025241  46.1065 314.1811 14.83230751485920
GALEX                   
1 27783U 03017A   12014.12658970  .00000525  00000-0  85596-4 0  4044
2 27783  29.0003 291.5504 0003610 333.0756  26.9614 14.60214862465407
MOST                    
1 27843U 03031D   12014.63022439  .00000080  00000-0  57792-4 0  2959
2 27843  98.7175  23.9444 0009761 325.3036  34.7503 14.20215559442808
QUAKESAT                
1 27845U 03031F   12015.10344642  .00000307  00000-0  16288-3 0  3112
2 27845  98.7143  25.4626 0008876 332.6244  27.4462 14.20653882442888
AAU CUBESAT             
1 27846U 03031G   12014.54984236  .00000208  00000-0  11584-3 0  1852
2 27846  98.6962  25.7253 0008629 290.5048  69.5201 14.21226311443047
SCISAT 1                
1 27858U 03036A   12013.87808045  .00000440  00000-0  70136-4 0  5220
2 27858  73.9350 132.3044 0008644 327.0359  33.0282 14.75218314453407
KAISTSAT 4              
1 27945U 03042G   12014.98434238  .00000191  00000-0  45460-4 0  4624
2 27945  97.8215 224.4036 0013155  46.7595 313.4702 14.63415583443307
GP-B                    
1 28230U 04014A   12014.99173016  .00000399  00000-0  55095-4 0  3148
2 28230  89.9197 150.3211 0003293  69.2707 290.8867 14.76440124416702
DEMETER                 
1 28368U 04025C   12015.15702079  .00000518  00000-0  91569-4 0  5194
2 28368  97.8860  72.0002 0001987 120.3326 239.8081 14.71303803404155
DOUBLESTAR (TC-2)       
1 28382U 04029A   12013.87438656 -.00000015  00000-0  24974-3 0  9932
2 28382  88.7331 326.0849 7274642 116.0289 332.9362  2.15592327 57664
SWIFT                   
1 28485U 04047A   12014.64849139  .00001863  00000-0  13171-3 0   630
2 28485  20.5577 208.5319 0013980 227.6770 132.2512 14.94247836390551
SUZAKU (ASTRO-EII)      
1 28773U 05025A   12014.26333537  .00002562  00000-0  18095-3 0  6751
2 28773  31.4051  62.8841 0005849  91.2068 268.9238 15.02930165357751
AKARI (ASTRO-F)         
1 28939U 06005A   12014.54155727  .00003131  00000-0  18248-3 0  7820
2 28939  98.2541  29.4249 0187077  66.7183 295.3587 14.99228759313476
FORMOSAT-3 FM6          
1 29047U 06011A   12014.20784735  .00000428  00000-0  18881-3 0  7018
2 29047  71.9803 265.6825 0052289 323.2925  36.4639 14.27376324301989
FORMOSAT-3 FM1          
1 29048U 06011B   12014.99330726  .00000392  00000-0  17471-3 0  7858
2 29048  71.9678 178.4251 0046413 275.1905  84.3900 14.27389412304572
FORMOSAT-3 FM5          
1 29049U 06011C   12014.09158112  .00000363  00000-0  16364-3 0  7271
2 29049  72.0234 334.5921 0036344 328.5378  31.3560 14.27402745300228
FORMOSAT-3 FM3          
1 29050U 06011D   12014.42830583  .00001124  00000-0  26646-3 0   441
2 29050  72.0165  65.6553 0052664 147.8888 212.5452 14.55079506308088
FORMOSAT-3 FM4          
1 29051U 06011E   12014.75668914  .00000375  00000-0  16522-3 0  7834
2 29051  72.0067 240.6529 0070725 202.1686 157.6363 14.27403282302903
FORMOSAT-3 FM2          
1 29052U 06011F   12014.72304249  .00000362  00000-0  16273-3 0  8054
2 29052  72.0384 305.7785 0042536 296.3566  63.3207 14.27438040301206
CLOUDSAT                
1 29107U 06016A   12015.02836552  .00000309  00000-0  76151-4 0  8043
2 29107  98.2199 320.2681 0006805 224.9004 135.1679 14.58771863304055
CALIPSO                 
1 29108U 06016B   12015.00193325  .00000528  00000-0  12730-3 0  8298
2 29108  98.2192 319.8806 0000977  74.1269 286.0059 14.57124550304001
HINODE (SOLAR-B)        
1 29479U 06041A   12015.07718240  .00000331  00000-0  73108-4 0  6762
2 29479  98.1079  17.1263 0014876 319.5567  40.4529 14.63392559283700
SJ-6C                   
1 29505U 06046A   12015.04463827  .00000839  00000-0  89700-4 0  8436
2 29505  97.7144  13.7332 0002981 163.7696 196.3589 14.91299749284417
SJ-6D                   
1 29506U 06046B   12015.12814796  .00000219  00000-0  27922-4 0  8228
2 29506  97.7227  12.4774 0001021 220.6593 139.4557 14.90539880284290
COROT                   
1 29678U 06063A   12015.02155963 -.00000047  00000-0 -40478-4 0  6747
2 29678  90.0041  10.1012 0007092  77.6833 282.5141 13.98242561257711
AIM                     
1 31304U 07015A   12015.23666543  .00002352  00000-0  22149-3 0  5841
2 31304  97.8258 124.0562 0011000 340.9803  19.1004 14.94778929257347
FGRST (GLAST)           
1 33053U 08029A   12014.65495590  .00000281  00000-0  00000+0 0  9624
2 33053  25.5835 116.0701 0014503 134.6680 225.5160 15.05943328197896
KORONAS-FOTON           
1 33504U 09003A   12015.11724542  .00001714  00000-0  11278-3 0  2710
2 33504  82.4732  26.5782 0017572 101.6944 331.9205 15.06810321162447
TATIANA 2               
1 35868U 09049D   12015.21077918  .00000093  00000-0  61370-4 0   978
2 35868  98.6771  72.6213 0004941 118.4808 241.6866 14.22226617120749
UGATUSAT                
1 35869U 09049E   12015.15189049  .00000054  00000-0  44029-4 0   633
2 35869  98.6750  72.2256 0005105 130.2709 229.8905 14.22049957120725
SUMBANDILA (SO-67)      
1 35870U 09049F   12015.12495700  .00003267  00000-0  14371-3 0  5894
2 35870  97.2534  56.2602 0002748  29.4733  54.9707 15.22547262129162
WISE                    
1 36119U 09071A   12014.21090890  .00002151  00000-0  11960-3 0  6046
2 36119  97.5154  20.4665 0004404  51.1715 308.9908 15.14738807115028
SDO                     
1 36395U 10005A   12014.51379350 -.00000026  00000-0  00000+0 0  4222
2 36395  27.8489 176.8949 0001514 313.7914  65.9808  1.00271630  7248
CRYOSAT 2               
1 36508U 10013A   12014.35518311  .00000003  00000-0  00000+0 0  5451
2 36508  92.0301  83.2277 0007946 236.1330 123.9135 14.52173068 93713
PICARD                  
1 36598U 10028A   12015.07679268  .00000166  00000-0  54472-4 0  7184
2 36598  98.2853 202.3486 0001244 303.6894  56.4172 14.49571335 83791
SPEKTR-R                
1 37755U 11037A   12004.66875000 -.00012069  00000-0  10000-3 0   228
2 37755  74.6765 307.4457 8148154 317.9596 358.4400  0.11583720   219
