ISS (ZARYA)             
1 25544U 98067A   12015.39747968  .00014531  00000-0  18955-3 0  8244
2 25544  51.6425 173.5548 0021831 282.4188 165.9075 15.58693097754031
TIANGONG 1              
1 37820U 11053A   12015.16634118  .00028656  00000-0  24047-3 0  3765
2 37820  42.7866 265.1147 0010016 233.5083 264.2467 15.69279589 16945
PROGRESS-M 13M          
1 37857U 11062A   12013.60129381  .00012735  00000-0  16384-3 0   733
2 37857  51.6419 182.5672 0023497 277.7305 165.0079 15.59156017 11735
SOYUZ-TMA 22            
1 37877U 11067A   12013.60129381  .00012735  00000-0  16384-3 0   606
2 37877  51.6419 182.5672 0023497 277.7305 165.0079 15.59156017  9431
SOYUZ-TMA 03M           
1 38036U 11078A   12013.60129381  .00012735  00000-0  16384-3 0   314
2 38036  51.6419 182.5672 0023497 277.7305 165.0079 15.59156017  3602
