LANDSAT 4               
1 13367U 82072A   12014.91452190  .00002382  00000-0  17029-3 0  9546
2 13367  98.2614   2.1162 0018129  48.4716 311.8062 15.05444038585985
TDRS 1                  
1 13969U 83026B   12008.65483348 -.00000101  00000-0  10000-3 0  3596
2 13969  13.7175   3.7277 0019236 121.5356 238.6990  0.98745332 78298
LANDSAT 5               
1 14780U 84021A   12015.20060649  .00000108  00000-0  33820-4 0  5851
2 14780  98.1658  83.7897 0003716  56.5318 303.6247 14.57142623482561
ERBS                    
1 15354U 84108B   12014.54848991  .00002262  00000-0  12152-3 0  8473
2 15354  56.9920 223.8870 0016183  22.0575 338.1158 15.18865386494873
TDRS 3                  
1 19548U 88091B   12015.13657476 -.00000295  00000-0  10000-3 0  7899
2 19548  13.4632  29.9287 0013722 341.3985 102.6260  1.00260825 72597
TDRS 4                  
1 19883U 89021B   12013.70597437 -.00000077  00000-0  00000-0 0  1872
2 19883  10.6801  35.8149 0012589 201.3412 158.6556  0.98483751256144
HST                     
1 20580U 90037B   12013.33966485  .00001544  00000-0  10224-3 0  9238
2 20580  28.4703  83.0867 0003380 194.0907 166.1770 15.02090662991274
TDRS 5                  
1 21639U 91054B   12014.59523557  .00000101  00000-0  10000-3 0  9894
2 21639  11.8432  44.2997 0013492 321.7987 154.0764  1.00278390 74900
TOPEX/POSEIDON          
1 22076U 92052A   12013.96611518 -.00000038  00000-0  10000-3 0  7982
2 22076  66.0419 276.5294 0007231 264.9256  95.0934 12.80963167908748
TDRS 6                  
1 22314U 93003B   12014.42458869  .00000088  00000-0  10000-3 0   116
2 22314  11.2412  47.1616 0007748 348.0465  59.5853  1.00268357 69626
TDRS 7                  
1 23613U 95035B   12013.53604147 -.00000186  00000-0  10000-3 0  1390
2 23613  12.8624  37.5655 0030598 333.8182  18.5791  1.00267042 60418
RXTE (XTE)              
1 23757U 95074A   12014.70949682  .00005128  00000-0  14074-3 0  5566
2 23757  22.9898 149.9559 0007164 291.3305  68.6356 15.32995445890049
TRMM                    
1 25063U 97074A   12014.01897616  .00014402  00000-0  20220-3 0  8730
2 25063  34.9618 235.4606 0000761 248.6779 111.3827 15.55801328806737
KIKU-7 (ETS-VII)        
1 25064U 97074B   12014.91154609  .00004742  00000-0  15829-3 0  5279
2 25064  34.9751 194.8211 0003965 146.9705 213.1260 15.30418512785004
ISS (ZARYA)             
1 25544U 98067A   12015.39747968  .00014531  00000-0  18955-3 0  8244
2 25544  51.6425 173.5548 0021831 282.4188 165.9075 15.58693097754031
LANDSAT 7               
1 25682U 99020A   12015.17135549  .00000148  00000-0  42909-4 0  7244
2 25682  98.2172  85.6014 0000234  57.5294 302.5951 14.57113525678256
FUSE 1                  
1 25791U 99035A   12014.90471344  .00000348  00000-0  50226-4 0  1626
2 25791  24.9855 314.3563 0010419  91.1044 269.0652 14.41976049662456
TERRA                   
1 25994U 99068A   12015.11884698  .00000266  00000-0  69003-4 0  6325
2 25994  98.2104  91.3875 0001291  95.5583 264.5776 14.57122751642325
TDRS 8                  
1 26388U 00034A   12013.53614057 -.00000214  00000-0  10000-3 0  5709
2 26388   3.5936  79.7714 0004091 176.0276 138.5753  1.00265325 42353
EO-1                    
1 26619U 00075A   12015.06478638  .00000539  00000-0  11552-3 0  9867
2 26619  98.0987  83.1075 0009196 230.5917 129.4509 14.62495580593903
TIMED                   
1 26998U 01055B   12014.20234642  .00000780  00000-0  96167-4 0   816
2 26998  74.0751 288.4275 0001663 186.8119 173.3054 14.84760699547133
TDRS 9                  
1 27389U 02011A   12015.31924807 -.00000257  00000-0  00000+0 0  8203
2 27389   1.4875 148.2729 0014941 223.3378 176.5442  1.00267581 37634
AQUA                    
1 27424U 02022A   12014.52019903  .00000404  00000-0  99793-4 0  1825
2 27424  98.2201 317.1702 0001266  87.7642 272.3689 14.57114004515840
TDRS 10                 
1 27566U 02055A   12013.59412315  .00000090  00000-0  00000+0 0  5742
2 27566   1.1955  62.5181 0014775 196.0109 253.6186  1.00266694 33430
SORCE                   
1 27651U 03004A   12013.84675331  .00000654  00000-0  93986-4 0  6948
2 27651  39.9951 162.3039 0025241  46.1065 314.1811 14.83230751485920
GALEX                   
1 27783U 03017A   12014.12658970  .00000525  00000-0  85596-4 0  4044
2 27783  29.0003 291.5504 0003610 333.0756  26.9614 14.60214862465407
GP-B                    
1 28230U 04014A   12014.99173016  .00000399  00000-0  55095-4 0  3148
2 28230  89.9197 150.3211 0003293  69.2707 290.8867 14.76440124416702
AURA                    
1 28376U 04026A   12014.18230837  .00000435  00000-0  10649-3 0  3391
2 28376  98.2214 318.9819 0001144  94.1189 266.0137 14.57127437398843
SWIFT                   
1 28485U 04047A   12014.64849139  .00001863  00000-0  13171-3 0   630
2 28485  20.5577 208.5319 0013980 227.6770 132.2512 14.94247836390551
THEMIS A                
1 30580U 07004A   12015.25000000 -.00000203  00000-0  00000+0 0  2722
2 30580   6.4125 135.3640 7936547 301.4345 345.8142  1.00266420 17353
THEMIS D                
1 30797U 07004D   12015.20833333 -.00000216  00000-0  00000+0 0  4265
2 30797   4.1512  65.9603 7698282   9.9883 344.4009  1.00279125 17200
THEMIS E                
1 30798U 07004E   12015.25000000 -.00000241  00000-0  10000-3 0  4519
2 30798   3.3360  84.1666 7900053 354.4941 355.8142  1.00281218 17345
AIM                     
1 31304U 07015A   12015.23666543  .00002352  00000-0  22149-3 0  5841
2 31304  97.8258 124.0562 0011000 340.9803  19.1004 14.94778929257347
C/NOFS                  
1 32765U 08017A   12014.89499129  .00007297  00000-0  28589-3 0  9617
2 32765  13.0049 269.3183 0277692 298.0905  59.1576 14.91519569203468
FGRST (GLAST)           
1 33053U 08029A   12014.65495590  .00000281  00000-0  00000+0 0  9624
2 33053  25.5835 116.0701 0014503 134.6680 225.5160 15.05943328197896
WISE                    
1 36119U 09071A   12014.21090890  .00002151  00000-0  11960-3 0  6046
2 36119  97.5154  20.4665 0004404  51.1715 308.9908 15.14738807115028
