METEOSAT-5 (MOP-2)      
1 21140U 91015B   12014.16671014 -.00000017  00000-0  10000-3 0  9373
2 21140  12.8114  38.8687 0003274 143.3775 216.6875  0.98450664 78342
METEOSAT-6 (MOP-3)      
1 22912U 93073B   12014.19650846  .00000050  00000-0  00000+0 0  4242
2 22912  10.4199  48.7307 0001537  68.3334 291.7236  0.98982952 64871
HIMAWARI-5 (GMS-5)      
1 23522U 95011B   12014.04144818 -.00000143  00000-0  10000-3 0  6718
2 23522   9.6362  51.7544 0008569 353.3680   6.6573  0.99403568 61293
ORBVIEW 2 (SEASTAR)     
1 24883U 97037A   12014.43139185  .00000165  00000-0  76543-4 0  6283
2 24883  98.3983 137.5973 0001942 194.1842 165.9292 14.32386910768245
METEOSAT-7              
1 24932U 97049B   12013.97691933  .00000065  00000-0  00000+0 0  9274
2 24932   7.3693  58.2175 0000648 262.7509 200.9813  1.00274434 52620
NOAA 15                 
1 25338U 98030A   12014.23746255 -.00000083  00000-0 -16805-4 0  1004
2 25338  98.6767   2.7266 0010358 194.8977 165.1892 14.25017680710780
GOES 11                 
1 26352U 00022A   12009.37027461 -.00000189  00000-0  00000+0 0  6528
2 26352   0.9472 139.0134 0001774 342.3717 238.6260  0.99042832 42795
FENGYUN 2B              
1 26382U 00032A   12014.21763305  .00000084  00000-0  10000-3 0  4723
2 26382   6.5378  60.9640 0002489 230.2754 129.7117  1.00075035 42288
NOAA 16                 
1 26536U 00055A   12014.28562506  .00000217  00000-0  14199-3 0  5841
2 26536  99.1158  53.8639 0011029 156.7619 203.4039 14.12696970583168
GOES 12                 
1 26871U 01031A   12014.28371712 -.00000280  00000-0  10000-3 0  4088
2 26871   1.9098  74.6667 0003214 258.4683 182.0082  1.00261100 38446
FENGYUN 1D              
1 27431U 02024B   12014.98777494 -.00000144  00000-0 -58045-4 0  7948
2 27431  98.7421 345.9538 0014652 267.3874  92.5610 14.09344736497466
NOAA 17                 
1 27453U 02032A   12014.41431497  .00000214  00000-0  11009-3 0  5626
2 27453  98.3538  49.1451 0010858 248.9260 111.0760 14.24382793496723
METEOSAT-8 (MSG-1)      
1 27509U 02040B   12011.11728462  .00000069  00000-0  00000+0 0  8392
2 27509   1.0301  55.2743 0003388 112.1488 354.0264  1.00271183 34401
KALPANA-1 (METSAT 1)    
1 27525U 02043A   12014.02274419 -.00000074  00000-0  10000-3 0  3975
2 27525   2.5153  72.0098 0007106 205.8222 277.2083  1.00272038 34234
INSAT-3A                
1 27714U 03013A   12013.97051384 -.00000253  00000-0  10000-3 0  9289
2 27714   0.0674  82.8821 0006885 205.4627 267.3687  1.00272054 32131
FENGYUN 2C              
1 28451U 04042A   12012.92808191 -.00000354  00000-0  10000-3 0  3197
2 28451   3.6253  67.7883 0002584 301.0059 200.5879  1.00261817 26473
HIMAWARI 6 (MTSAT-1R)   
1 28622U 05006A   12013.22111047 -.00000275  00000-0  10000-3 0  6082
2 28622   0.0308  66.1831 0003062 280.0200 345.4745  1.00270294 25173
NOAA 18                 
1 28654U 05018A   12014.40657967  .00000068  00000-0  62569-4 0   381
2 28654  99.0270 331.3809 0013760 228.9926 131.0055 14.11590622342720
METEOSAT-9 (MSG-2)      
1 28912U 05049B   12011.87884012  .00000002  00000-0  00000+0 0   164
2 28912   0.3625 348.1958 0001276  54.8980  23.8319  1.00276755 22269
MTSAT-2                 
1 28937U 06004A   12014.53369464 -.00000238  00000-0  10000-3 0   851
2 28937   0.0306  22.4757 0001780 294.6421 133.4809  1.00271662 21670
FORMOSAT 3A             
1 29047U 06011A   12014.20784735  .00000428  00000-0  18881-3 0  7018
2 29047  71.9803 265.6825 0052289 323.2925  36.4639 14.27376324301989
FORMOSAT 3B             
1 29048U 06011B   12014.99330726  .00000392  00000-0  17471-3 0  7858
2 29048  71.9678 178.4251 0046413 275.1905  84.3900 14.27389412304572
FORMOSAT 3C             
1 29049U 06011C   12014.09158112  .00000363  00000-0  16364-3 0  7271
2 29049  72.0234 334.5921 0036344 328.5378  31.3560 14.27402745300228
FORMOSAT 3D             
1 29050U 06011D   12014.42830583  .00001124  00000-0  26646-3 0   441
2 29050  72.0165  65.6553 0052664 147.8888 212.5452 14.55079506308088
FORMOSAT 3E             
1 29051U 06011E   12014.75668914  .00000375  00000-0  16522-3 0  7834
2 29051  72.0067 240.6529 0070725 202.1686 157.6363 14.27403282302903
FORMOSAT 3F             
1 29052U 06011F   12014.72304249  .00000362  00000-0  16273-3 0  8054
2 29052  72.0384 305.7785 0042536 296.3566  63.3207 14.27438040301206
GOES 13                 
1 29155U 06018A   12013.15593272 -.00000245  00000-0  10000-3 0  9051
2 29155   0.3643  81.1363 0001524 326.5953  45.8087  1.00275126 20689
METOP-A                 
1 29499U 06044A   12014.48332359  .00000228  00000-0  12445-3 0  6293
2 29499  98.7229  75.7484 0002131 113.7785 246.3614 14.21471890271740
FENGYUN 2D              
1 29640U 06053A   12012.66115669 -.00000194  00000-0  10000-3 0  3387
2 29640   2.0072  77.2280 0001613 297.7135  61.1195  1.00276905 18715
FENGYUN 3A              
1 32958U 08026A   12015.16948612  .00000068  00000-0  52478-4 0  5236
2 32958  98.6644  87.1517 0000618  22.1517 337.9693 14.19704892188437
NOAA 19                 
1 33591U 09005A   12014.52165542  .00000375  00000-0  23167-3 0  2274
2 33591  98.8509 316.3513 0014803  98.1786 262.1033 14.11280781151196
GOES 14                 
1 35491U 09033A   12014.53619189 -.00000082  00000-0  00000+0 0  2899
2 35491   0.1453 251.4209 0002821 191.2087 118.3672  1.00271535  9361
METEOR-M 1              
1 35865U 09049A   12015.10875538  .00000007  00000-0  23075-4 0   657
2 35865  98.6781  72.1649 0002835 124.2314 235.9140 14.21853810120709
GOES 15                 
1 36411U 10008A   12014.37936887  .00000091  00000-0  00000+0 0  8979
2 36411   0.0749 263.3028 0002288 267.4360 304.4037  1.00276338  6860
COMS 1                  
1 36744U 10032A   12014.53323727 -.00000340  00000-0  10000-3 0  2951
2 36744   0.0247  52.4681 0000817 230.7332 150.3969  1.00268385  5833
FENGYUN 3B              
1 37214U 10059A   12015.20109337  .00000115  00000-0  74985-4 0  3130
2 37214  98.7450 318.8611 0001797 104.9821 255.1560 14.19739389 61936
ELEKTRO-L1              
1 37344U 11001A   12014.01725704 -.00000092  00000-0  10000-3 0  2605
2 37344   0.0278 235.0636 0000520 232.9844  87.1188  1.00271683  3659
NPP                     
1 37849U 11061A   12014.10382345 -.00000070  00000-0 -12413-4 0   742
2 37849  98.7033 314.1402 0001808  97.3373 262.8018 14.19581690 11033
